lmdn	lmdp
-5.749658	-4.480731
-5.730123	-4.529349
-5.725369	-4.527897
-5.755308	-4.51792
-5.794301	-4.478946
-5.830799	-4.439792
-5.765564	-4.513458
-5.832016	-4.437456
-5.885138	-4.400037
-5.93874	-4.343377
-5.893921	-4.384693
-5.90295	-4.337689
-5.967534	-4.283313
-5.970209	-4.370556
-5.916913	-4.438654
-5.810186	-4.500719
-5.922481	-4.308688
-5.931357	-4.248573
-5.852891	-4.352363
-5.859854	-4.404211
-5.897073	-4.366956
-5.960958	-4.2895
-5.907722	-4.415209
-5.86311	-4.412614
-5.916122	-4.344069
-5.897863	-4.361942
-5.882778	-4.372553
-5.754303	-4.56155
-5.863502	-4.368193
-5.891417	-4.444919
-5.890774	-4.390172
-5.945882	-4.339405
-5.839979	-4.443479
-5.811008	-4.432157
-5.803583	-4.492012
-5.868098	-4.371896
-5.827206	-4.410965
-5.811249	-4.414669
-5.82862	-4.486129
-5.802785	-4.562424
-5.822428	-4.457342
-5.851851	-4.43707
-5.850745	-4.48114
-5.900665	-4.343343
-5.882897	-4.405011
-5.957763	-4.343792
-5.9044	-4.26179
-5.861611	-4.350403
-5.844822	-4.405156
-5.842579	-4.487406
-5.838739	-4.458918
-5.948559	-4.364998
-5.814397	-4.457482
-5.854717	-4.488333
-5.887088	-4.413076
-5.846494	-4.390775
-5.843087	-4.352162
-5.816989	-4.418798
-5.909904	-4.339266
-5.871783	-4.44047
-5.717793	-4.589704
-5.803467	-4.449312
-5.764369	-4.475223
-5.761821	-4.615632
-5.790956	-4.473758
-5.857057	-4.351765
-5.929798	-4.333652
-5.789376	-4.545333
-5.955522	-4.357635
-5.873048	-4.44063
-5.910289	-4.338536
-5.900929	-4.388149
-5.788442	-4.485733
-5.833012	-4.398659
-5.804258	-4.447957
-5.944706	-4.288561
-5.807129	-4.463411
-5.896288	-4.399917
-5.88162	-4.39578
-5.835607	-4.45393
-5.77524	-4.603558
-5.869601	-4.488118
-5.775674	-4.527364
-5.877986	-4.391778
-5.882453	-4.403577
-5.806246	-4.465664
-5.837306	-4.487665
-5.814757	-4.470685
-5.934568	-4.308036
-5.851699	-4.441874
-5.934757	-4.32073
-5.849478	-4.3769
-5.82728	-4.427888
-5.784195	-4.488689
-5.937108	-4.34012
-5.901174	-4.358973
-5.927224	-4.318927
-6.027186	-4.229783
-5.872779	-4.374584
-5.968273	-4.297052
-5.909783	-4.361062
-5.810226	-4.439836
-5.843974	-4.366206
-5.86582	-4.392598
-5.847557	-4.360574
-5.826618	-4.408604
-5.845413	-4.444947
-5.782456	-4.422245
-5.793542	-4.501709
-5.887864	-4.484923
-5.914182	-4.41087
-5.895898	-4.39079
-5.824799	-4.499862
-5.921822	-4.34461
-5.81673	-4.436053
-5.925198	-4.34124
-5.927239	-4.305712
-5.949999	-4.330174
-5.805246	-4.447299
-5.870902	-4.391519
-5.840278	-4.547916
-5.986513	-4.283228
-5.914853	-4.355572
-5.931491	-4.248937
-5.873614	-4.388588
-5.839535	-4.42218
-5.809286	-4.430092
-5.756603	-4.559971
-5.761791	-4.50955
-5.864295	-4.348833
-5.890938	-4.302685
-5.902194	-4.343074
-6.018027	-4.28097
-5.881643	-4.349174
-5.882672	-4.335155
-5.824018	-4.40531
-5.906348	-4.345728
-5.904818	-4.309539
-5.952557	-4.379275
-5.811578	-4.497147
-5.816977	-4.542905
-5.720636	-4.54547
-5.778807	-4.521044
-5.834296	-4.473244
-5.78139	-4.486496
-5.799214	-4.412062
-5.737777	-4.497552
-5.690413	-4.549664
-5.749482	-4.547271
-5.724103	-4.655786
-5.812396	-4.448492
-5.763202	-4.513734
-5.716907	-4.581335
-5.728896	-4.488843
-5.799363	-4.45069
-5.816607	-4.391512
-5.776356	-4.418374
-5.811207	-4.457579
-5.765337	-4.473873
-5.718741	-4.602527
-5.787422	-4.496081
-5.689135	-4.673865
-5.744038	-4.625547
-5.786617	-4.504294
-5.799486	-4.480557
-5.751358	-4.44544
-5.886312	-4.473517
-5.896858	-4.354086
-5.907457	-4.375212
-5.826355	-4.448621
-5.849943	-4.373682
-5.820579	-4.449665
-5.793932	-4.450376
-5.773453	-4.509917
-5.813887	-4.393512
-5.813422	-4.386777
-5.789312	-4.422735
-5.773643	-4.475312
-5.774467	-4.511036
-5.799592	-4.428042
-5.804287	-4.493386
-5.775003	-4.482933
-5.897544	-4.343843
-5.897723	-4.418227
-5.857526	-4.415897
-5.918172	-4.289304
-5.806758	-4.443114
-5.719739	-4.569618
-5.794051	-4.432513
-5.926755	-4.318034
-5.741415	-4.527204
-5.791949	-4.414306
-5.821025	-4.468965
-5.819102	-4.414464
-5.775877	-4.51379
-5.77342	-4.492544
-5.796417	-4.533335
-5.987093	-4.215452
-5.775961	-4.517162
-5.882095	-4.388433
-5.83214	-4.501071
-5.87739	-4.391469
-5.915679	-4.366389
-5.902752	-4.379482
-5.895669	-4.384059
-5.891318	-4.406689
-5.884313	-4.410785
-5.882529	-4.445124
-5.958438	-4.326079
-5.953811	-4.358662
-5.921285	-4.459509
-5.948766	-4.394846
-5.913711	-4.318688
-5.872024	-4.374043
-5.933553	-4.28424
-5.852086	-4.355026
-5.813244	-4.445981
-5.871283	-4.325246
-5.848175	-4.431314
-5.840363	-4.337315
-5.879613	-4.351207
-5.696275	-4.542578
-5.816519	-4.500114
-5.90153	-4.305072
-5.876381	-4.337462
-5.776654	-4.487938
-5.846569	-4.391647
-5.759887	-4.473204
-5.793855	-4.427447
-5.806064	-4.484727
-5.736726	-4.532326
-5.77664	-4.397232
-5.819876	-4.402169
-5.818216	-4.482256
-5.847305	-4.364519
-5.874932	-4.393112
-5.861134	-4.488585
-5.822039	-4.498747
-5.831549	-4.348846
-5.739833	-4.541043
-5.818037	-4.492902
-5.785246	-4.492744
-5.904227	-4.348011
-5.913927	-4.295709
-5.888585	-4.425843
-5.915146	-4.375178
-5.863114	-4.401035
-5.824537	-4.404968
-5.849376	-4.454821
-5.717075	-4.600654
-5.839512	-4.413383
-5.756878	-4.442256
-5.838244	-4.401535
-5.798269	-4.402104
-5.884892	-4.41985
-5.868745	-4.370182
-5.932117	-4.282788
-5.99875	-4.29456
-5.898746	-4.365257
-5.970772	-4.248787
-5.888941	-4.377925
-5.889842	-4.323031
-5.926578	-4.340743
-5.936661	-4.378865
-5.932531	-4.354622
-5.946659	-4.268094
-5.930041	-4.303185
-5.835301	-4.408753
-5.897821	-4.33676
-5.916629	-4.283829
-5.831594	-4.380735
-5.83702	-4.444759
-5.804194	-4.471128
-5.794884	-4.513067
-5.839268	-4.501482
-5.775889	-4.457255
-5.696671	-4.560872
-5.777267	-4.488367
-5.726199	-4.564238
-5.690662	-4.621247
-5.791866	-4.44735
-5.788749	-4.448214
-5.787774	-4.387885
-5.740545	-4.482823
-5.86002	-4.420673
-5.837682	-4.446549
-5.819843	-4.502235
-5.867449	-4.378742
-5.688802	-4.62641
-5.81256	-4.477981
-5.747936	-4.380274
-5.789984	-4.505982
-5.76729	-4.506089
-5.746326	-4.551849
-5.786488	-4.467431
-5.708816	-4.50266
-5.774426	-4.422241
-5.6228	-4.638792
-5.638268	-4.579727
-5.699862	-4.479126
-5.781646	-4.449753
-5.654172	-4.550724
-5.749429	-4.476909
-5.700195	-4.49539
-5.706176	-4.565785
-5.656202	-4.612327
-5.709934	-4.567376
-5.750665	-4.481335
-5.667962	-4.529426
-5.750417	-4.501807
-5.702004	-4.489506
-5.815491	-4.361445
-5.735068	-4.45751
-5.727781	-4.495845
-5.793342	-4.472171
-5.696036	-4.548632
-5.752007	-4.56013
-5.922197	-4.426262
-5.74015	-4.525809
-5.898764	-4.338997
-5.810918	-4.410377
-5.852264	-4.320468
-5.696909	-4.526421
-5.790253	-4.505066
-5.827432	-4.501781
-5.877215	-4.461425
-5.804487	-4.468179
-5.817601	-4.348122
-5.772499	-4.423462
-5.766533	-4.474205
-5.739792	-4.530952
-5.804377	-4.464062
-5.780538	-4.453425
-5.748734	-4.4491
-5.776769	-4.426505
-5.839079	-4.417311
-5.912407	-4.367813
-5.743865	-4.498599
-5.787421	-4.54264
-5.836933	-4.422639
-5.839563	-4.401177
-5.90943	-4.419071
-5.757194	-4.514603
-5.788909	-4.564457
-5.86443	-4.453427
-5.836343	-4.464713
-5.914268	-4.489528
-5.821452	-4.495721
-5.811524	-4.490715
-5.893202	-4.541755
-5.886047	-4.454778
-5.900792	-4.410808
-5.779261	-4.512536
-5.86664	-4.423344
-5.868287	-4.446585
-5.719717	-4.65785
-5.674763	-4.721541
-5.854704	-4.589713
-5.798668	-4.631234
-5.87876	-4.55341
-5.655359	-4.63089
-5.847222	-4.666353
-5.737232	-4.619659
-5.707087	-4.584202
-5.797375	-4.64173
-5.787693	-4.56951
-5.800476	-4.518571
-5.884928	-4.505885
-5.874542	-4.459919
-5.769753	-4.465115
-5.844914	-4.44147
-5.842003	-4.46939
-5.89038	-4.381794
-5.853018	-4.504226
-5.938536	-4.501916
-5.802061	-4.566644
-5.86062	-4.553335
-5.948938	-4.523741
-5.817211	-4.603561
-5.833932	-4.514485
-5.868494	-4.440226
-5.900158	-4.484384
-5.715862	-4.677193
-5.815316	-4.534806
-5.773759	-4.453332
-5.746683	-4.541445
-5.764129	-4.354212
-5.745273	-4.478118
-5.74696	-4.461862
-5.974049	-4.28913
-5.805981	-4.466646
-5.680319	-4.509702
-5.735015	-4.568734
-5.643249	-4.550374
-5.816155	-4.467832
-5.705003	-4.568568
-5.738088	-4.436302
-5.69483	-4.48443
-5.698666	-4.472968
-5.655287	-4.512927
-5.784197	-4.428815
-5.734497	-4.514132
-5.782307	-4.46712
-5.75522	-4.530098
-5.76225	-4.454492
-5.677402	-4.447959
-5.553038	-4.608683
-5.657905	-4.511676
-5.599437	-4.631468
-5.627442	-4.593873
-5.643582	-4.539621
-5.623437	-4.66765
-5.696277	-4.476218
-5.677459	-4.498787
-5.577288	-4.627623
-5.796787	-4.579069
-5.794585	-4.652411
-5.865719	-4.457412
-5.786901	-4.535961
-5.765397	-4.694411
-5.762335	-4.65322
-5.835396	-4.588934
-5.736579	-4.663848
-5.806494	-4.624016
-5.812765	-4.508789
-5.807178	-4.555505
-5.890417	-4.569951
-5.804147	-4.585812
-5.811304	-4.544491
-5.70672	-4.576232
-5.815686	-4.589392
-5.813494	-4.493699
-5.711169	-4.640143
-5.74791	-4.671297
-5.838412	-4.524409
-5.783991	-4.627761
-5.88793	-4.624958
-5.890147	-4.537441
-5.806873	-4.524813
-5.958204	-4.387759
-5.857521	-4.474273
-5.684149	-4.657045
-5.723408	-4.566791
-5.708974	-4.623288
-5.781796	-4.601091
-5.883826	-4.430291
-5.737295	-4.588206
-5.751566	-4.512318
-5.682801	-4.588512
-5.818958	-4.47254
-5.799382	-4.517816
-5.752558	-4.531183
-5.783517	-4.591723
-5.751497	-4.486678
-5.537475	-4.726102
-5.671688	-4.629178
-5.70409	-4.557461
-5.785442	-4.462119
-5.834364	-4.383558
-5.81053	-4.538325
-5.810245	-4.568619
-5.801253	-4.474905
-5.72836	-4.533621
-5.787589	-4.49091
-5.830103	-4.449356
-5.807017	-4.570095
-5.755918	-4.616979
-5.696083	-4.58616
-5.784205	-4.48827
-5.706514	-4.594644
-5.702561	-4.54645
-5.737527	-4.51169
-5.615209	-4.62832
-5.713799	-4.583155
-5.660723	-4.657779
-5.890516	-4.523336
-5.866264	-4.534174
-5.761588	-4.530418
-5.779452	-4.455623
-5.723218	-4.628307
-5.795439	-4.472212
-5.751333	-4.565838
-5.713582	-4.545405
-5.799521	-4.431285
-5.807385	-4.454396
-5.649937	-4.60836
-5.769003	-4.446034
-5.684652	-4.555545
-5.759969	-4.523524
-5.710444	-4.571807
-5.816892	-4.441718
-5.60371	-4.603408
-5.681454	-4.505232
-5.643853	-4.557237
-5.572847	-4.64935
-5.606955	-4.562422
-5.717549	-4.488165
-5.792574	-4.480589
-5.62053	-4.564571
-5.841236	-4.574561
-5.749402	-4.517181
-5.675098	-4.510145
-5.817067	-4.560116
-5.788823	-4.529527
-5.722646	-4.488517
-5.732323	-4.597649
-5.829255	-4.356943
-5.764405	-4.501732
-5.787589	-4.613148
-5.910397	-4.528211
-5.741221	-4.680111
-5.795107	-4.471423
-5.648398	-4.511945
-5.868499	-4.512003
-5.88151	-4.495367
-5.799228	-4.59419
-6.000673	-4.363735
-5.84121	-4.435513
-5.72874	-4.478606
-5.741959	-4.524202
-5.780369	-4.575431
-5.823282	-4.47956
-5.741537	-4.588664
-5.761145	-4.538065
-5.778304	-4.563059
-5.740712	-4.457246
-5.618842	-4.64602
-5.660389	-4.624833
-5.773489	-4.579009
-5.846774	-4.527588
-5.744791	-4.63116
-5.789139	-4.539277
-5.695153	-4.670611
-5.927525	-4.464451
-5.770734	-4.57369
-5.781063	-4.636101
-5.865282	-4.463421
-5.751295	-4.675195
-6.045813	-4.368531
-5.929772	-4.472385
-5.877575	-4.54275
-5.831737	-4.587236
-5.879245	-4.427084
-5.845889	-4.432198
-5.920682	-4.397966
-5.851823	-4.40912
-5.87088	-4.430574
-5.832521	-4.461661
-5.962609	-4.325454
-5.869302	-4.371574
-5.848049	-4.360054
-5.895433	-4.417197
-5.835288	-4.477593
-5.703658	-4.498755
-5.690502	-4.534037
-5.83761	-4.379373
-5.701912	-4.564441
-5.765027	-4.491828
-5.760958	-4.378096
-5.717063	-4.569384
-5.737781	-4.486753
-5.783811	-4.458398
-5.800134	-4.488957
-5.817914	-4.411559
-5.801944	-4.435962
-5.69906	-4.569899
-5.773485	-4.484668
-5.75821	-4.466221
-5.760489	-4.441476
-5.679984	-4.554342
-5.668481	-4.584106
-5.692131	-4.557188
-5.713908	-4.538589
-5.791842	-4.361421
-5.635359	-4.659017
-5.740895	-4.356286
-5.728374	-4.415027
-5.691773	-4.584612
-5.745388	-4.474289
-5.665792	-4.595923
-5.748704	-4.434375
-5.672328	-4.60142
-5.699139	-4.543732
-5.788969	-4.464488
-5.797191	-4.41701
-5.673201	-4.534109
-5.750061	-4.444895
-5.722201	-4.506562
-5.70861	-4.537499
-5.706922	-4.574834
-5.703891	-4.533803
-5.663113	-4.579116
-5.730051	-4.532199
-5.796035	-4.470258
-5.805047	-4.400964
-5.669724	-4.497573
-5.697949	-4.54472
-5.662825	-4.549504
-5.746148	-4.497445
-5.641488	-4.553405
-5.646129	-4.537071
-5.634108	-4.610738
-5.769216	-4.446708
-5.818142	-4.511028
-5.831829	-4.369779
-5.782378	-4.44505
-5.792038	-4.457952
-5.783643	-4.521041
-5.769962	-4.567416
-5.879159	-4.445371
-5.960118	-4.288812
-5.859432	-4.453453
-5.845151	-4.491029
-5.863402	-4.462055
-5.820873	-4.469306
-5.84106	-4.472723
-5.88074	-4.434203
-5.871072	-4.38862
-5.847199	-4.435895
-5.983864	-4.414621
-5.815637	-4.455648
-5.840645	-4.473814
-5.946187	-4.33437
-5.857415	-4.395418
-5.854916	-4.366845
-5.827338	-4.429624
-5.750426	-4.512774
-5.808756	-4.419919
-5.825378	-4.436615
-5.770579	-4.487504
-5.78893	-4.477909
-5.85885	-4.458562
-5.851918	-4.478318
-5.865936	-4.381113
-5.922641	-4.277289
-5.849573	-4.408678
-5.788247	-4.499359
-5.910876	-4.37399
-5.927835	-4.389082
-5.830692	-4.395643
-5.728851	-4.525954
-5.780049	-4.435388
-5.794063	-4.384735
-5.77832	-4.475084
-5.7866	-4.427453
-5.870264	-4.334548
-5.721957	-4.556008
-5.731888	-4.500854
-5.677254	-4.496604
-5.662406	-4.519058
-5.578464	-4.615072
-5.657491	-4.534793
-5.740131	-4.478646
-5.664556	-4.557051
-5.611251	-4.57903
-5.670503	-4.591593
-5.609652	-4.620684
-5.636939	-4.577052
-5.788647	-4.453616
-5.709264	-4.570067
-5.835188	-4.524948
-5.838592	-4.47867
-5.901338	-4.337932
-5.796439	-4.487226
-5.746272	-4.504812
-5.785165	-4.444511
-5.755371	-4.500738
-5.940543	-4.24484
-5.74707	-4.461327
-5.746529	-4.477292
-5.837556	-4.429003
-5.745096	-4.438819
-5.812607	-4.404834
-5.862097	-4.370537
-5.890296	-4.407171
-5.743805	-4.54453
-5.771622	-4.569514
-5.808017	-4.42724
-5.697523	-4.604716
-5.804918	-4.506799
-5.738155	-4.537131
-5.835514	-4.46429
-5.839723	-4.443579
-5.834945	-4.435722
-5.856881	-4.432493
-5.864022	-4.501958
-5.833917	-4.395414
-5.756708	-4.569391
-5.844518	-4.409653
-5.8584	-4.407828
-5.718969	-4.604179
-5.814274	-4.419118
-5.840979	-4.451715
-5.836041	-4.530329
-5.814628	-4.435388
-5.834343	-4.429854
-5.914935	-4.515036
-5.869817	-4.431657
-5.902005	-4.386673
-5.813725	-4.443075
-5.888295	-4.316849
-5.835068	-4.38825
-5.876462	-4.372735
-5.953382	-4.355133
-5.942665	-4.430055
-5.882784	-4.454477
-5.845679	-4.431669
-5.994567	-4.310787
-5.856566	-4.398991
-5.959358	-4.225098
-5.884674	-4.310172
-5.788959	-4.407901
-5.911426	-4.419621
-5.845438	-4.409653
-5.961366	-4.347747
-5.845091	-4.443706
-5.804712	-4.439081
-5.713779	-4.553812
-5.894456	-4.363254
-5.744431	-4.586215
-5.697884	-4.554414
-5.714225	-4.527005
-5.726811	-4.374197
-5.633415	-4.5621
-5.62197	-4.598357
-5.616553	-4.611964
-5.691477	-4.42823
-5.682965	-4.572904
-5.751447	-4.511837
-5.619827	-4.560096
-5.528998	-4.650085
-5.604889	-4.674145
-5.623833	-4.635105
-5.609617	-4.56655
-5.47253	-4.672389
-5.595436	-4.553071
-5.592232	-4.622968
-5.54788	-4.664956
-5.619091	-4.48437
-5.628417	-4.658227
-5.617057	-4.591008
-5.772581	-4.430644
-5.595038	-4.580288
-5.708183	-4.451502
-5.67353	-4.554507
-5.706472	-4.503136
-5.596455	-4.500871
-5.625478	-4.543933
-5.683443	-4.506082
-5.751146	-4.468367
-5.727142	-4.4869
-5.779371	-4.427182
-5.755639	-4.495531
-5.855588	-4.540045
-5.828774	-4.459352
-5.765477	-4.473557
-5.705158	-4.495611
-5.796027	-4.434994
-5.736371	-4.511835
-5.7792	-4.427518
-5.779324	-4.475688
-5.830402	-4.541784
-5.714315	-4.488989
-5.855819	-4.426368
-5.791376	-4.502258
-5.805599	-4.385675
-5.908309	-4.341846
-5.791869	-4.411964
-5.667415	-4.488559
-5.56903	-4.719032
-5.637791	-4.643989
-5.724339	-4.577412
-5.774245	-4.613123
-5.878685	-4.419551
-5.935894	-4.509038
-5.785079	-4.525092
-5.862272	-4.433183
-5.768899	-4.517298
-5.754667	-4.652104
-5.864114	-4.503926
-5.838091	-4.580844
-5.920227	-4.435293
-5.773115	-4.518844
-5.789832	-4.547931
-5.667766	-4.645124
-5.780849	-4.501835
-5.773717	-4.484734
-5.640623	-4.622442
-5.725931	-4.572726
-5.619226	-4.693343
-5.892288	-4.416607
-5.765871	-4.459693
-5.773345	-4.488886
-5.653872	-4.52582
-5.885346	-4.464497
-5.772105	-4.497804
-5.658209	-4.504234
-5.810143	-4.457844
-5.690459	-4.61938
-5.791375	-4.59067
-5.872994	-4.468875
-5.766341	-4.513732
-5.745723	-4.513206
-5.771661	-4.481365
-5.858126	-4.549469
-5.883796	-4.363607
-5.746125	-4.600494
-5.82683	-4.5219
-5.931957	-4.305096
-5.861732	-4.394723
-5.865866	-4.433556
-5.874	-4.384996
-5.748937	-4.533382
-5.942885	-4.431669
-5.838308	-4.457737
-5.78428	-4.447932
-5.79111	-4.5631
-5.869015	-4.418175
-5.784363	-4.442424
-5.743677	-4.56234
-5.804376	-4.460853
-5.925538	-4.499577
-5.719752	-4.596352
-5.862704	-4.484446
-5.825667	-4.485773
-5.824722	-4.430677
-5.781362	-4.507586
-5.735246	-4.546271
-5.670182	-4.514688
-5.761337	-4.546682
-5.787828	-4.49119
-5.755484	-4.425996
-5.769779	-4.419786
-5.667199	-4.469966
-5.617461	-4.542398
-5.676006	-4.516657
-5.768314	-4.421409
-5.737803	-4.47819
-5.79041	-4.487166
-5.754242	-4.440696
-5.690048	-4.495845
-5.840167	-4.500764
-5.879966	-4.486403
-5.7999	-4.42431
-5.791918	-4.52152
-5.877937	-4.387142
-5.905859	-4.342392
-5.864938	-4.454365
-5.839863	-4.468203
-5.928632	-4.459486
-5.859362	-4.471633
-5.885058	-4.491242
-5.838755	-4.56752
-5.84582	-4.347897
-5.640347	-4.577422
-5.603286	-4.6429
-5.544464	-4.637157
-5.568778	-4.623607
-5.61666	-4.620278
-5.684764	-4.488923
-5.674991	-4.51419
-5.611144	-4.587104
-5.729906	-4.603808
-5.788681	-4.479652
-5.73365	-4.456924
-5.690083	-4.475985
-5.864269	-4.383139
-5.86229	-4.315057
-5.730906	-4.46535
-5.864035	-4.477628
-5.752811	-4.420751
-5.782678	-4.416454
-5.66898	-4.485602
-5.607329	-4.629291
-5.692681	-4.610046
-5.59212	-4.647377
-5.749437	-4.451277
-5.704866	-4.528788
-5.802642	-4.46013
-5.716296	-4.573152
-5.674477	-4.534038
-5.655155	-4.501239
-5.668933	-4.513183
-5.609007	-4.596633
-5.63251	-4.582551
-5.690241	-4.581747
-5.65817	-4.618408
-5.751315	-4.504437
-5.836226	-4.44701
-5.604812	-4.610672
-5.72812	-4.500949
-5.657458	-4.551937
-5.713609	-4.642432
-5.623863	-4.643889
-5.546865	-4.67951
-5.657886	-4.635112
-5.625831	-4.669921
-5.67865	-4.614764
-5.705924	-4.592884
-5.612033	-4.607254
-5.598284	-4.645744
-5.647847	-4.538709
-5.596304	-4.618386
-5.722608	-4.515461
-5.633969	-4.616188
-5.680353	-4.609402
-5.678423	-4.632604
-5.89538	-4.422337
-5.881195	-4.482468
-5.851618	-4.428984
-5.79837	-4.423519
-5.871478	-4.358711
-5.790105	-4.372123
-5.5931	-4.583672
-5.583851	-4.619555
-5.698529	-4.548857
-5.823845	-4.474
-5.634575	-4.619488
-5.663827	-4.507419
-5.687218	-4.551091
-5.771468	-4.427365
-5.672765	-4.50151
-5.687448	-4.556932
-5.664163	-4.597239
-5.688134	-4.543569
-5.733645	-4.442568
-5.758071	-4.494351
-5.623655	-4.625282
-5.778787	-4.46045
-5.782218	-4.375322
-5.80782	-4.384286
-5.720788	-4.525984
-5.744903	-4.488455
-5.719993	-4.511567
-5.779513	-4.390481
-5.731746	-4.484333
-5.783899	-4.465757
-5.723609	-4.548456
-5.712313	-4.550355
-5.701083	-4.494009
-5.823942	-4.354389
-5.815327	-4.453872
-5.650544	-4.527094
-5.703084	-4.543854
-5.724625	-4.439953
-5.787381	-4.409616
-5.746253	-4.497956
-5.770738	-4.515445
-5.820748	-4.359107
-5.793521	-4.507197
-5.92394	-4.360122
-5.868333	-4.402921
-5.915207	-4.343968
-5.816997	-4.421555
-5.891156	-4.37413
-5.813105	-4.433615
-5.885694	-4.385094
-5.938987	-4.256844
-5.867986	-4.335171
-5.824222	-4.413399
-5.796577	-4.464302
-5.905831	-4.305738
-5.890874	-4.344213
-5.852163	-4.449985
-5.809669	-4.409253
-5.885169	-4.409976
-5.927731	-4.305259
-6.010523	-4.223618
-5.86972	-4.303939
-5.836491	-4.324022
-5.880655	-4.33901
-5.853431	-4.36873
-5.871917	-4.384445
-5.921325	-4.27909
-5.874322	-4.330778
-6.000247	-4.257557
-5.911022	-4.330942
-5.958156	-4.365213
-5.877844	-4.342796
-5.832223	-4.43122
-5.874454	-4.360095
-5.823891	-4.466157
-5.845033	-4.462253
-5.696403	-4.526657
-5.775727	-4.425614
-5.696507	-4.580381
-5.741662	-4.474579
-5.729883	-4.493207
-5.730653	-4.583644
-5.793107	-4.432776
-5.768386	-4.425565
-5.716088	-4.496786
-5.761074	-4.434954
-5.681151	-4.591223
-5.80659	-4.444605
-5.796506	-4.488659
-5.775057	-4.498625
-5.81616	-4.39911
-5.936645	-4.263594
-5.776024	-4.458536
-5.771302	-4.568817
-5.839814	-4.402908
