isConverged	Q1	Q20	Q30	Q40	q5	q6	q7	q8	EHFB
True	2e-06	33.689996	1e-06	1.229194	0.0	0.49289	1e-06	0.159472	-1886.973127
True	2e-06	33.588108	0.0	1.219969	0.0	0.494168	0.0	0.160046	-1891.699981
True	1e-06	33.313896	2e-06	1.247	0.0	0.394278	0.0	0.140721	-1887.734952
True	1e-06	33.088715	0.0	1.251902	0.0	0.350311	0.0	0.125611	-1887.212074
True	1e-06	33.491851	0.0	1.281332	0.0	0.369538	0.0	0.131882	-1888.218341
True	2e-06	33.897756	0.0	1.289393	0.0	0.414844	0.0	0.141236	-1888.753091
True	2e-06	32.92345	0.0	1.240492	0.0	0.338917	0.0	0.123505	-1889.16816
True	0.0	33.69239	1e-06	1.274375	0.0	0.41397	0.0	0.140408	-1887.928164
True	1e-06	32.67358	1e-06	1.248216	0.0	0.294385	0.0	0.112149	-1888.326946
True	2e-06	34.028578	5e-06	1.31165	0.0	0.416493	0.0	0.146452	-1888.643469
True	1e-06	34.131597	7e-06	1.314968	1e-06	0.422648	0.0	0.149457	-1888.412011
True	1e-06	33.839397	2e-06	1.297431	0.0	0.40783	0.0	0.146954	-1888.604331
True	0.0	33.683955	4e-06	1.28601	0.0	0.389908	0.0	0.135561	-1888.388081
True	0.0	33.904267	6e-06	1.289593	0.0	0.423534	1e-06	0.140191	-1889.722969
True	2e-06	33.927321	6e-06	1.307862	0.0	0.390799	1e-06	0.131759	-1889.106214
True	4e-06	33.712142	7e-06	1.263322	1e-06	0.42475	0.0	0.142568	-1889.408204
True	2e-06	33.807793	6e-06	1.304254	0.0	0.384547	1e-06	0.140664	-1887.975399
True	0.0	33.760563	2e-06	1.276675	0.0	0.427058	0.0	0.153706	-1888.177149
True	3e-06	33.527062	2e-06	1.281279	0.0	0.380006	0.0	0.139469	-1887.274032
True	2e-06	33.449148	4e-06	1.284325	0.0	0.36821	0.0	0.134299	-1889.657432
True	2e-06	34.123036	2e-06	1.298472	0.0	0.439702	0.0	0.152539	-1888.274942
True	3e-06	33.664557	2e-06	1.298661	0.0	0.357871	1e-06	0.124803	-1888.237421
True	0.0	33.833066	3e-06	1.29135	0.0	0.397942	0.0	0.133556	-1888.417214
True	1e-06	33.737499	2e-06	1.323969	0.0	0.355206	0.0	0.129061	-1887.919545
True	1e-06	33.421642	3e-06	1.2994	0.0	0.330464	0.0	0.120298	-1887.912081
True	3e-06	33.900375	1e-06	1.291353	0.0	0.415838	1e-06	0.141964	-1889.015015
True	3e-06	33.812997	2e-06	1.277412	0.0	0.414281	1e-06	0.136558	-1888.29286
True	2e-06	32.708497	1e-06	1.219873	0.0	0.341268	0.0	0.118586	-1889.369135
True	1e-06	33.723435	1e-06	1.270195	0.0	0.425327	0.0	0.142778	-1889.008641
True	1e-06	34.081001	1e-06	1.292234	0.0	0.451543	0.0	0.153062	-1889.46361
True	2e-06	33.716638	0.0	1.306152	0.0	0.36339	0.0	0.128077	-1888.359177
True	1e-06	33.999686	2e-06	1.292524	0.0	0.438686	0.0	0.150431	-1888.789236
True	0.0	33.163477	2e-06	1.258332	0.0	0.360181	0.0	0.129058	-1889.217754
True	1e-06	33.470318	1e-06	1.262777	0.0	0.400845	0.0	0.1402	-1888.934251
True	0.0	33.896444	0.0	1.276138	0.0	0.452872	0.0	0.159375	-1888.436894
True	3e-06	33.569727	2e-06	1.279223	0.0	0.393761	1e-06	0.144116	-1889.211814
True	0.0	32.725056	3e-06	1.216529	0.0	0.350133	0.0	0.133082	-1889.417422
True	1e-06	33.005419	2e-06	1.241726	0.0	0.361345	0.0	0.134079	-1888.562629
True	3e-06	33.011058	6e-06	1.262373	0.0	0.336231	1e-06	0.135917	-1890.73742
True	0.0	33.066269	4e-06	1.28122	0.0	0.319547	0.0	0.127624	-1889.132318
True	2e-06	33.250959	1e-06	1.264813	0.0	0.371134	0.0	0.137257	-1889.371962
True	3e-06	33.105067	4e-06	1.275997	0.0	0.313202	1e-06	0.120224	-1889.24568
True	0.0	32.020186	3e-06	1.206426	0.0	0.247279	0.0	0.103754	-1889.135218
True	1e-06	32.60579	3e-06	1.236884	0.0	0.291597	0.0	0.117408	-1888.686434
True	3e-06	32.893301	1e-06	1.247571	0.0	0.324153	0.0	0.130346	-1889.064406
True	0.0	31.76214	1e-06	1.185063	0.0	0.238577	0.0	0.103829	-1889.780148
True	1e-06	33.230395	2e-06	1.251469	0.0	0.38542	0.0	0.145354	-1888.77314
True	0.0	33.230984	4e-06	1.253475	1e-06	0.387664	0.0	0.147138	-1888.718328
True	3e-06	32.587515	2e-06	1.221376	0.0	0.327612	0.0	0.127099	-1889.010108
True	0.0	32.207232	5e-06	1.234227	1e-06	0.245682	0.0	0.09935	-1890.062157
True	4e-06	32.891934	7e-06	1.280893	1e-06	0.291407	1e-06	0.116984	-1890.740104
True	2e-06	32.365927	2e-06	1.260986	0.0	0.226497	0.0	0.098599	-1888.90653
True	1e-06	33.542345	6e-06	1.297788	1e-06	0.371697	0.0	0.139077	-1889.272024
True	1e-06	32.590242	4e-06	1.260121	0.0	0.27831	0.0	0.114072	-1889.080006
True	3e-06	31.945176	3e-06	1.191379	0.0	0.260836	0.0	0.108072	-1888.528319
True	1e-06	33.281954	1e-06	1.265695	0.0	0.38175	0.0	0.142232	-1889.256832
True	0.0	32.959301	5e-06	1.221624	0.0	0.393998	0.0	0.146671	-1888.720967
True	3e-06	33.380488	0.0	1.257206	0.0	0.408537	0.0	0.149	-1889.409287
True	2e-06	32.583811	2e-06	1.227203	0.0	0.314873	0.0	0.123985	-1889.014493
True	2e-06	32.343947	2e-06	1.21938	0.0	0.28272	0.0	0.113957	-1889.919998
True	1e-06	33.191427	2e-06	1.24978	0.0	0.393063	0.0	0.149503	-1889.359066
True	3e-06	33.749359	3e-06	1.286731	0.0	0.413899	0.0	0.150347	-1889.330906
True	2e-06	33.331775	5e-06	1.262803	0.0	0.398113	0.0	0.148234	-1889.525377
True	0.0	31.660874	3e-06	1.177483	0.0	0.241161	0.0	0.097826	-1889.161629
True	2e-06	32.781129	1e-06	1.244919	0.0	0.3261	0.0	0.123094	-1887.997264
True	0.0	33.338246	2e-06	1.273395	0.0	0.368214	1e-06	0.139785	-1887.876677
True	0.0	32.818263	2e-06	1.261458	0.0	0.29519	0.0	0.115109	-1888.856872
True	1e-06	32.524521	1e-06	1.225229	0.0	0.293703	0.0	0.116148	-1889.054028
True	0.0	34.253989	1.2e-05	1.338486	1e-06	0.410302	1e-06	0.149924	-1889.208697
True	2e-06	33.140309	5e-06	1.291841	1e-06	0.294861	1e-06	0.113976	-1888.858975
True	1e-06	33.701287	1e-06	1.312793	0.0	0.358507	0.0	0.136751	-1889.833228
True	5e-06	32.544987	3e-06	1.259298	0.0	0.257629	1e-06	0.106451	-1889.391488
True	1e-06	33.201656	1e-06	1.284727	0.0	0.323201	0.0	0.12231	-1888.770843
True	4e-06	33.626597	1e-06	1.284004	0.0	0.398334	1e-06	0.145896	-1889.131529
True	1e-06	33.222181	1e-06	1.27112	0.0	0.350369	0.0	0.131314	-1889.008212
True	2e-06	33.776972	1e-06	1.29413	0.0	0.405006	0.0	0.145081	-1890.29479
True	1e-06	32.985386	4e-06	1.256837	0.0	0.335766	0.0	0.12984	-1888.209808
True	1e-06	32.901788	1e-06	1.285886	0.0	0.281666	0.0	0.11091	-1888.945755
True	0.0	32.970408	1e-06	1.263776	0.0	0.314744	0.0	0.118322	-1888.764054
True	2e-06	33.801083	2e-06	1.280938	0.0	0.428264	0.0	0.156207	-1890.284124
True	1e-06	32.011569	2e-06	1.210643	0.0	0.248272	0.0	0.109231	-1888.697559
True	2e-06	32.367828	2e-06	1.247716	0.0	0.241151	0.0	0.09995	-1889.72221
True	0.0	33.542943	1e-06	1.29679	0.0	0.355088	0.0	0.132066	-1889.736222
True	0.0	32.135999	4e-06	1.225535	1e-06	0.245176	0.0	0.099606	-1888.938416
True	3e-06	32.534831	2e-06	1.253972	0.0	0.260203	1e-06	0.108724	-1889.18494
True	1e-06	33.304389	1e-06	1.291459	0.0	0.329479	0.0	0.126963	-1889.059466
True	1e-06	32.658588	1e-06	1.26211	0.0	0.271117	0.0	0.107326	-1888.771264
True	1e-06	33.724388	2e-06	1.301762	0.0	0.388006	0.0	0.147449	-1888.137002
True	4e-06	33.530153	4e-06	1.305122	1e-06	0.346267	1e-06	0.129729	-1889.406318
True	3e-06	32.817688	2e-06	1.252033	0.0	0.304056	0.0	0.112063	-1888.872136
True	2e-06	33.818483	5e-06	1.313631	0.0	0.375339	1e-06	0.136564	-1889.264729
True	2e-06	33.460236	1e-06	1.260771	0.0	0.40924	1e-06	0.152322	-1889.235452
True	0.0	33.715656	2e-06	1.275268	0.0	0.424596	0.0	0.154828	-1889.625838
True	1e-06	33.01136	4e-06	1.249574	0.0	0.346588	0.0	0.1371	-1887.961912
True	2e-06	33.719322	6e-06	1.305974	1e-06	0.373568	0.0	0.137413	-1888.641256
True	1e-06	33.656608	6e-06	1.306786	0.0	0.364896	1e-06	0.137177	-1889.266285
True	0.0	33.284662	6e-06	1.311744	1e-06	0.312408	0.0	0.130046	-1889.613931
True	5e-06	32.507364	6e-06	1.269451	1e-06	0.243551	1e-06	0.106013	-1888.861229
True	1e-06	33.367332	3e-06	1.304996	0.0	0.333964	0.0	0.133865	-1888.764251
True	3e-06	32.697471	3e-06	1.274443	0.0	0.267526	1e-06	0.110875	-1888.55498
True	3e-06	34.106314	7e-06	1.306075	0.0	0.428263	1e-06	0.153258	-1888.124197
True	2e-06	33.707074	5e-06	1.26156	0.0	0.434393	0.0	0.14969	-1889.10351
True	1e-06	32.622669	1e-06	1.212167	0.0	0.343992	0.0	0.127091	-1887.991383
True	1e-06	33.77142	1e-06	1.28147	0.0	0.424878	0.0	0.153242	-1889.59879
True	3e-06	33.217356	2e-06	1.245106	0.0	0.378822	1e-06	0.136937	-1888.990667
True	3e-06	33.468867	1e-06	1.253158	0.0	0.414761	0.0	0.142606	-1888.800761
True	0.0	34.052782	1e-06	1.29779	0.0	0.437626	0.0	0.152152	-1888.128731
True	1e-06	33.404204	1e-06	1.253301	0.0	0.399485	0.0	0.14248	-1887.444449
True	3e-06	33.922272	3e-06	1.303497	0.0	0.407591	0.0	0.148404	-1888.264481
True	0.0	34.22042	1e-06	1.298929	0.0	0.464609	0.0	0.161083	-1888.547158
True	1e-06	33.827189	1e-06	1.274543	0.0	0.430955	0.0	0.139704	-1888.790742
True	2e-06	33.938135	1e-06	1.273089	0.0	0.452493	0.0	0.14799	-1888.450516
True	1e-06	33.643704	3e-06	1.282669	0.0	0.377577	0.0	0.129286	-1888.495926
True	2e-06	34.130156	7e-06	1.299821	0.0	0.433594	1e-06	0.146186	-1888.469937
True	0.0	33.219026	1e-06	1.27223	0.0	0.344409	0.0	0.125282	-1887.831747
True	3e-06	33.060298	4e-06	1.278338	0.0	0.315509	0.0	0.120464	-1887.71416
True	2e-06	33.701656	4e-06	1.299733	0.0	0.379502	0.0	0.136097	-1888.946679
True	2e-06	33.833569	4e-06	1.31408	0.0	0.368268	0.0	0.128946	-1888.174797
True	1e-06	32.500045	1e-06	1.224908	0.0	0.293372	0.0	0.11259	-1887.275122
True	0.0	33.851584	2e-06	1.294023	0.0	0.407615	0.0	0.144768	-1889.204017
True	1e-06	33.887663	4e-06	1.311259	0.0	0.371484	0.0	0.126154	-1888.807299
True	2e-06	33.938538	3e-06	1.337831	0.0	0.358653	0.0	0.130866	-1889.21867
True	0.0	33.954047	1.3e-05	1.342091	1e-06	0.358442	1e-06	0.136921	-1887.866817
True	2e-06	33.518672	3e-06	1.277592	0.0	0.376459	1e-06	0.133137	-1888.501138
True	0.0	34.127487	0.0	1.292585	0.0	0.454916	0.0	0.166783	-1889.008273
True	1e-06	33.194525	1e-06	1.242672	0.0	0.386838	0.0	0.146696	-1888.479228
True	0.0	33.492794	2e-06	1.26075	0.0	0.410133	0.0	0.147484	-1887.946226
True	0.0	32.431201	1e-06	1.182541	0.0	0.35215	0.0	0.131956	-1888.998509
True	1e-06	32.996346	1e-06	1.220352	0.0	0.404516	0.0	0.148876	-1888.576252
True	2e-06	32.968709	1e-06	1.221568	0.0	0.393236	0.0	0.144955	-1887.112895
True	3e-06	33.122361	0.0	1.237771	0.0	0.380135	1e-06	0.142812	-1888.839437
True	2e-06	32.72383	0.0	1.208884	0.0	0.35337	0.0	0.135408	-1888.71562
True	0.0	32.229263	1e-06	1.199977	0.0	0.291312	0.0	0.122999	-1890.137408
True	0.0	33.145531	4e-06	1.258115	1e-06	0.366142	1e-06	0.138374	-1888.458392
True	1e-06	33.455397	1e-06	1.270728	0.0	0.398184	0.0	0.147734	-1888.29057
True	1e-06	33.484852	2e-06	1.260893	0.0	0.404314	0.0	0.147899	-1888.442323
True	3e-06	34.030957	3e-06	1.29524	0.0	0.44743	1e-06	0.159515	-1889.025605
True	3e-06	33.762518	2e-06	1.27226	0.0	0.449055	1e-06	0.166936	-1889.523014
True	1e-06	32.226511	0.0	1.204644	0.0	0.284923	0.0	0.117075	-1889.107885
True	4e-06	33.222462	1e-06	1.243729	0.0	0.385276	1e-06	0.146525	-1889.3785
True	1e-06	32.741134	2e-06	1.231491	0.0	0.324947	0.0	0.12883	-1889.751412
True	1e-06	33.255161	4e-06	1.246111	1e-06	0.399812	0.0	0.147229	-1888.594255
True	1e-06	32.859594	3e-06	1.229154	0.0	0.349509	0.0	0.133268	-1889.145099
True	1e-06	33.032094	5e-06	1.249093	0.0	0.350275	0.0	0.133243	-1889.367727
True	3e-06	33.297044	5e-06	1.254666	0.0	0.389905	1e-06	0.143148	-1888.843864
True	1e-06	33.338499	5e-06	1.253341	1e-06	0.411	0.0	0.149158	-1888.56214
True	0.0	33.290089	3e-06	1.247085	0.0	0.408234	0.0	0.148098	-1888.153439
True	2e-06	33.612801	4e-06	1.25592	0.0	0.450499	0.0	0.15617	-1888.139813
True	1e-06	32.348075	3e-06	1.21128	0.0	0.306698	0.0	0.115917	-1888.932994
True	2e-06	32.199439	2e-06	1.206009	0.0	0.282092	0.0	0.109339	-1889.262026
True	2e-06	32.68237	3e-06	1.224707	0.0	0.331568	0.0	0.116719	-1888.340307
True	2e-06	32.400494	1e-06	1.196872	0.0	0.33159	0.0	0.117194	-1888.781138
True	1e-06	33.209069	1e-06	1.218672	0.0	0.421308	0.0	0.134386	-1887.810162
True	1e-06	32.5626	0.0	1.179545	0.0	0.392804	0.0	0.135781	-1889.025311
True	2e-06	32.657586	2e-06	1.192139	0.0	0.377402	1e-06	0.131967	-1888.629075
True	0.0	33.403425	2e-06	1.231009	0.0	0.452898	0.0	0.153695	-1888.087422
True	1e-06	33.87335	2e-06	1.246892	0.0	0.508897	0.0	0.171524	-1888.405411
True	1e-06	32.522694	0.0	1.206244	0.0	0.342937	0.0	0.126559	-1888.463685
True	0.0	33.011807	2e-06	1.216405	0.0	0.398113	0.0	0.139575	-1888.984672
True	1e-06	32.684835	2e-06	1.202998	0.0	0.359715	0.0	0.131868	-1888.385457
True	3e-06	33.194922	1e-06	1.22483	0.0	0.412381	0.0	0.148631	-1888.936461
True	1e-06	33.480822	1e-06	1.253905	0.0	0.414725	1e-06	0.147487	-1888.778416
True	1e-06	34.050152	0.0	1.275245	0.0	0.473927	0.0	0.158593	-1889.481788
True	1e-06	33.751545	5e-06	1.256387	0.0	0.466339	0.0	0.157095	-1889.352835
True	2e-06	32.768951	2e-06	1.221799	0.0	0.355067	0.0	0.130305	-1888.183358
True	1e-06	33.487597	3e-06	1.239738	0.0	0.443418	0.0	0.152291	-1887.716278
True	4e-06	34.261475	6e-06	1.282675	0.0	0.496084	1e-06	0.162734	-1888.319425
True	0.0	33.606417	7e-06	1.264364	0.0	0.416107	1e-06	0.142637	-1888.424989
True	2e-06	33.895409	6e-06	1.273944	0.0	0.444467	1e-06	0.146089	-1888.93332
True	2e-06	33.465447	1e-06	1.245328	0.0	0.423858	0.0	0.140076	-1888.735008
True	1e-06	33.465361	2e-06	1.241904	0.0	0.437996	0.0	0.145366	-1888.655936
True	2e-06	33.588496	0.0	1.258013	0.0	0.421714	0.0	0.140244	-1887.487904
True	2e-06	33.279394	1e-06	1.247498	0.0	0.392951	0.0	0.138339	-1887.452894
True	2e-06	33.520547	0.0	1.244455	0.0	0.430657	0.0	0.144234	-1888.842425
True	2e-06	33.487892	2e-06	1.238784	0.0	0.435595	0.0	0.140924	-1887.815184
True	2e-06	34.020896	4e-06	1.262671	0.0	0.486726	1e-06	0.16115	-1888.547442
True	0.0	33.279675	2e-06	1.230914	0.0	0.412518	0.0	0.139979	-1887.997806
True	2e-06	33.289432	1e-06	1.242005	0.0	0.40628	0.0	0.144078	-1887.970373
True	1e-06	33.667826	2e-06	1.257955	0.0	0.431952	0.0	0.145585	-1888.901088
True	0.0	33.836168	0.0	1.271238	0.0	0.443226	0.0	0.151215	-1887.620251
True	1e-06	34.067186	5e-06	1.283026	0.0	0.45897	0.0	0.153323	-1887.564455
True	2e-06	33.616369	2e-06	1.24961	0.0	0.436128	1e-06	0.145755	-1887.927887
True	3e-06	34.138346	9e-06	1.293043	1e-06	0.456052	0.0	0.160704	-1888.620679
True	3e-06	34.223015	1.1e-05	1.304554	1e-06	0.446449	0.0	0.148488	-1887.689331
True	2e-06	33.737436	3e-06	1.283489	0.0	0.402092	0.0	0.137719	-1887.876502
True	1e-06	33.497667	1e-06	1.253103	0.0	0.421309	0.0	0.144394	-1888.703147
True	3e-06	33.049113	1e-06	1.227507	0.0	0.387252	1e-06	0.135437	-1888.750009
True	2e-06	33.55906	2e-06	1.251586	0.0	0.425241	0.0	0.146222	-1888.267133
True	2e-06	33.410255	1e-06	1.242113	0.0	0.429027	0.0	0.150065	-1887.710086
True	1e-06	32.883881	1e-06	1.230853	0.0	0.359912	0.0	0.13181	-1889.031561
True	4e-06	33.692889	1e-06	1.238398	0.0	0.489118	0.0	0.170983	-1888.674743
True	1e-06	33.002039	0.0	1.20706	0.0	0.423264	0.0	0.150925	-1887.964823
True	1e-06	32.435964	2e-06	1.189981	0.0	0.348076	0.0	0.130123	-1888.50399
True	1e-06	33.699064	3e-06	1.256744	0.0	0.442849	0.0	0.152159	-1888.780894
True	2e-06	33.284397	1e-06	1.248933	0.0	0.388949	1e-06	0.137967	-1887.837121
True	1e-06	33.217655	0.0	1.23957	0.0	0.404557	0.0	0.142906	-1888.276879
True	1e-06	32.940106	2e-06	1.233644	0.0	0.353639	0.0	0.124854	-1888.604843
True	2e-06	33.801992	4e-06	1.277516	0.0	0.43408	1e-06	0.150881	-1888.995383
True	1e-06	33.889	5e-06	1.286058	0.0	0.435922	0.0	0.156771	-1888.056822
True	1e-06	33.956284	1e-06	1.288902	0.0	0.433936	0.0	0.147577	-1887.897388
True	1e-06	32.777553	3e-06	1.247451	0.0	0.305321	0.0	0.114858	-1888.428326
True	2e-06	33.376371	9e-06	1.28548	1e-06	0.344377	0.0	0.12739	-1887.902432
True	0.0	34.0141	1.2e-05	1.306362	1e-06	0.423576	1e-06	0.154234	-1888.560924
True	1e-06	33.615346	1.1e-05	1.300727	1e-06	0.360346	1e-06	0.132833	-1888.503545
True	2e-06	33.677345	9e-06	1.314089	1e-06	0.35871	1e-06	0.134623	-1888.416348
True	1e-06	33.907991	9e-06	1.344959	1e-06	0.3318	1e-06	0.123529	-1888.901967
True	2e-06	34.110512	5e-06	1.307512	1e-06	0.423443	0.0	0.147851	-1888.713527
True	2e-06	33.203263	7e-06	1.311652	1e-06	0.287459	0.0	0.112956	-1888.748867
True	3e-06	34.099966	1.1e-05	1.344786	1e-06	0.360703	1e-06	0.129298	-1888.940756
True	2e-06	34.276503	1.2e-05	1.351121	1e-06	0.380879	0.0	0.136726	-1888.473011
True	1e-06	34.128834	1.2e-05	1.331974	1e-06	0.390271	1e-06	0.138642	-1889.92624
True	3e-06	33.636164	5e-06	1.290574	0.0	0.365195	0.0	0.122185	-1888.449238
True	0.0	33.464771	6e-06	1.275844	0.0	0.375034	0.0	0.136206	-1888.521569
True	1e-06	33.585573	1e-06	1.301795	0.0	0.36844	0.0	0.136678	-1889.517069
True	0.0	33.376644	3e-06	1.280956	0.0	0.366206	0.0	0.142224	-1889.515377
True	2e-06	32.978351	1e-06	1.224528	0.0	0.381233	0.0	0.140691	-1888.788376
True	0.0	33.461874	5e-06	1.258076	0.0	0.4126	0.0	0.151751	-1889.099837
True	0.0	33.547658	5e-06	1.257009	0.0	0.418583	0.0	0.147896	-1888.837954
True	1e-06	33.087876	2e-06	1.247616	0.0	0.366872	0.0	0.137819	-1888.742378
True	2e-06	33.442658	2e-06	1.242059	0.0	0.429712	0.0	0.149323	-1888.625113
True	1e-06	33.660156	2e-06	1.259275	0.0	0.436908	0.0	0.146779	-1888.215042
True	3e-06	33.481708	2e-06	1.234184	0.0	0.446064	1e-06	0.14909	-1888.722585
True	3e-06	32.418379	4e-06	1.214079	0.0	0.307122	1e-06	0.115386	-1888.043388
True	2e-06	33.714162	4e-06	1.248214	0.0	0.468635	1e-06	0.155691	-1889.05076
True	0.0	33.204233	2e-06	1.242819	0.0	0.388953	0.0	0.135252	-1887.621147
True	2e-06	33.630368	2e-06	1.249083	0.0	0.44369	0.0	0.148462	-1888.248408
True	1e-06	33.193038	0.0	1.243632	0.0	0.379736	0.0	0.131009	-1888.529315
True	2e-06	32.540152	0.0	1.189762	0.0	0.360027	0.0	0.12886	-1888.70385
True	3e-06	33.516087	0.0	1.241356	0.0	0.442503	0.0	0.146967	-1888.420544
True	2e-06	32.462218	0.0	1.193951	0.0	0.340301	0.0	0.121378	-1889.407235
True	1e-06	33.747662	1e-06	1.253252	0.0	0.467182	0.0	0.156375	-1888.353012
True	1e-06	33.663792	1e-06	1.233212	0.0	0.496134	1e-06	0.169663	-1887.709965
True	1e-06	32.492104	1e-06	1.18268	0.0	0.372694	0.0	0.134287	-1888.170924
True	0.0	32.852423	4e-06	1.229991	0.0	0.358672	0.0	0.131434	-1888.13516
True	3e-06	33.557265	2e-06	1.251762	0.0	0.440673	0.0	0.151991	-1888.858506
True	2e-06	32.950505	1e-06	1.21844	0.0	0.383326	0.0	0.145363	-1889.716092
True	0.0	32.129628	0.0	1.177762	0.0	0.309871	0.0	0.122831	-1888.909139
True	3e-06	32.380059	0.0	1.195686	1e-06	0.321923	1e-06	0.125254	-1888.875885
True	2e-06	33.612082	2e-06	1.260903	0.0	0.439335	1e-06	0.162588	-1888.80511
True	2e-06	32.902793	1e-06	1.247561	0.0	0.339891	0.0	0.126418	-1889.040958
True	3e-06	32.23444	1e-06	1.20309	0.0	0.285132	0.0	0.113108	-1888.7794
True	2e-06	33.090051	3e-06	1.252467	0.0	0.359733	0.0	0.137419	-1889.451339
True	2e-06	33.802366	4e-06	1.309722	0.0	0.378195	1e-06	0.141085	-1889.275164
True	2e-06	33.873935	1e-06	1.309239	0.0	0.391721	0.0	0.146445	-1888.907036
True	4e-06	32.967988	6e-06	1.285019	1e-06	0.286329	1e-06	0.118814	-1889.981666
True	4e-06	33.509701	5e-06	1.313766	0.0	0.326618	1e-06	0.124875	-1888.969636
True	3e-06	33.354755	1e-06	1.281029	0.0	0.35695	0.0	0.135382	-1890.169691
True	3e-06	33.23784	1e-06	1.261969	0.0	0.367281	1e-06	0.137158	-1888.544565
True	2e-06	32.042283	1e-06	1.196026	0.0	0.266069	0.0	0.107801	-1888.735827
True	1e-06	32.362607	3e-06	1.200362	0.0	0.309155	0.0	0.116505	-1888.198829
True	1e-06	33.592766	0.0	1.280746	0.0	0.406804	0.0	0.147435	-1889.450629
True	2e-06	33.34589	5e-06	1.247496	0.0	0.417606	1e-06	0.150941	-1887.861971
True	2e-06	33.267012	5e-06	1.249836	0.0	0.396684	1e-06	0.147635	-1888.902959
True	2e-06	33.20999	3e-06	1.239447	0.0	0.410139	0.0	0.145551	-1888.778052
True	1e-06	32.162332	2e-06	1.204573	0.0	0.278664	1e-06	0.112676	-1888.639841
True	0.0	33.30944	4e-06	1.261843	0.0	0.367859	0.0	0.135963	-1890.08301
True	1e-06	33.452894	1e-06	1.275753	0.0	0.388691	0.0	0.149407	-1890.23308
True	1e-06	31.706644	1e-06	1.192794	0.0	0.226456	0.0	0.101685	-1888.665001
True	2e-06	33.474516	2e-06	1.296869	0.0	0.349811	0.0	0.135325	-1888.713567
True	1e-06	33.599595	1e-06	1.299711	0.0	0.365845	0.0	0.138563	-1889.167741
True	0.0	33.056526	0.0	1.266888	0.0	0.333209	0.0	0.126389	-1889.225815
True	1e-06	33.106444	1e-06	1.25586	0.0	0.347556	0.0	0.132245	-1889.398333
True	0.0	32.770416	2e-06	1.247827	0.0	0.313062	0.0	0.126264	-1890.119335
True	2e-06	32.044704	1e-06	1.212535	0.0	0.249294	0.0	0.106795	-1889.885697
True	1e-06	32.736921	3e-06	1.258162	0.0	0.291649	0.0	0.116626	-1889.370734
True	1e-06	32.861526	2e-06	1.231272	0.0	0.353642	0.0	0.138985	-1888.589649
True	2e-06	33.032564	1e-06	1.238162	0.0	0.36204	0.0	0.138975	-1889.109562
True	2e-06	33.783396	5e-06	1.286755	0.0	0.416429	0.0	0.15338	-1888.766234
True	1e-06	32.508239	1e-06	1.207663	0.0	0.320442	0.0	0.123238	-1888.723107
True	0.0	32.343484	1e-06	1.175252	0.0	0.349919	0.0	0.13239	-1888.29788
True	2e-06	32.981284	0.0	1.219639	0.0	0.384886	0.0	0.144389	-1887.710414
True	0.0	32.352358	1e-06	1.199354	0.0	0.316152	0.0	0.121622	-1887.798666
True	1e-06	33.874189	4e-06	1.274416	0.0	0.450975	0.0	0.156565	-1888.773538
True	3e-06	32.952999	3e-06	1.242222	0.0	0.355116	0.0	0.129723	-1889.010349
True	2e-06	33.81362	4e-06	1.26216	0.0	0.455112	1e-06	0.15144	-1889.893807
True	1e-06	33.176867	4e-06	1.22777	0.0	0.412859	0.0	0.141653	-1888.558529
True	1e-06	33.563124	3e-06	1.243582	0.0	0.446252	0.0	0.149474	-1888.601506
True	1e-06	33.091845	0.0	1.233822	0.0	0.376282	0.0	0.128168	-1888.468974
True	3e-06	33.049699	2e-06	1.232562	0.0	0.380013	1e-06	0.129608	-1888.568122
True	3e-06	32.732445	0.0	1.215128	0.0	0.340838	0.0	0.119894	-1888.658474
True	1e-06	33.192861	1e-06	1.244225	0.0	0.386202	0.0	0.128972	-1886.617767
True	1e-06	33.066955	1e-06	1.223842	0.0	0.392715	0.0	0.13126	-1888.79647
True	0.0	33.250277	2e-06	1.227054	0.0	0.416825	0.0	0.139562	-1888.566908
True	1e-06	33.182133	0.0	1.223982	0.0	0.415754	0.0	0.149556	-1887.190303
True	1e-06	33.826097	1e-06	1.24755	0.0	0.484256	0.0	0.166346	-1889.358069
True	0.0	33.720023	2e-06	1.251847	0.0	0.455683	0.0	0.150205	-1888.269244
True	2e-06	33.929555	4e-06	1.244474	0.0	0.495942	0.0	0.160422	-1889.532686
True	1e-06	33.523914	1e-06	1.235109	0.0	0.448732	0.0	0.144852	-1888.580698
True	1e-06	33.130663	2e-06	1.218583	0.0	0.406594	0.0	0.138052	-1888.910486
True	0.0	33.690317	2e-06	1.246583	0.0	0.458373	0.0	0.149467	-1888.874142
True	0.0	33.177538	2e-06	1.193759	0.0	0.480542	0.0	0.165191	-1888.047139
True	4e-06	32.18273	2e-06	1.154196	0.0	0.369468	1e-06	0.134521	-1889.562728
True	0.0	32.735568	0.0	1.197772	0.0	0.398869	0.0	0.139395	-1888.378248
True	2e-06	32.355195	1e-06	1.178747	0.0	0.366515	0.0	0.128548	-1888.903978
True	0.0	32.587015	1e-06	1.18477	0.0	0.388272	0.0	0.12821	-1888.409231
True	3e-06	33.080335	0.0	1.193975	0.0	0.455408	1e-06	0.147052	-1888.136639
True	4e-06	33.541117	2e-06	1.20904	0.0	0.512383	1e-06	0.167109	-1888.583518
True	0.0	32.409881	3e-06	1.16958	0.0	0.385391	0.0	0.126767	-1888.37854
True	0.0	33.621031	0.0	1.209459	0.0	0.544953	0.0	0.178867	-1888.068699
True	2e-06	33.143081	4e-06	1.204226	0.0	0.460967	1e-06	0.15832	-1888.552297
True	1e-06	33.379823	5e-06	1.211999	0.0	0.491266	1e-06	0.159621	-1889.575501
True	1e-06	32.683663	3e-06	1.186101	0.0	0.421363	0.0	0.143203	-1887.471693
True	2e-06	32.324338	2e-06	1.174076	0.0	0.378842	0.0	0.134702	-1888.395628
True	1e-06	32.842382	2e-06	1.181232	0.0	0.447098	0.0	0.151183	-1888.254121
True	2e-06	32.280245	0.0	1.142265	0.0	0.412759	0.0	0.146671	-1888.647973
True	1e-06	32.969297	2e-06	1.193909	0.0	0.438283	0.0	0.14773	-1888.653496
True	3e-06	33.178885	2e-06	1.19157	0.0	0.462495	1e-06	0.145082	-1888.502378
True	1e-06	32.88958	5e-06	1.18346	0.0	0.441478	0.0	0.139256	-1888.417275
True	0.0	33.305477	5e-06	1.194355	0.0	0.493523	0.0	0.155525	-1886.785767
True	2e-06	33.52595	5e-06	1.221865	0.0	0.49534	1e-06	0.156457	-1888.45723
True	1e-06	33.354324	4e-06	1.211915	0.0	0.483404	0.0	0.156796	-1887.722623
True	3e-06	33.251002	4e-06	1.199639	0.0	0.485382	1e-06	0.156503	-1889.412273
True	3e-06	33.41708	1e-06	1.18879	0.0	0.527433	1e-06	0.168129	-1888.211455
True	2e-06	33.38575	1e-06	1.205635	0.0	0.475402	0.0	0.154334	-1888.139045
True	1e-06	33.735229	2e-06	1.231656	0.0	0.490099	0.0	0.155776	-1887.783758
True	0.0	32.984112	1e-06	1.203405	0.0	0.407205	0.0	0.133139	-1887.983552
True	1e-06	33.382898	1e-06	1.239882	0.0	0.420288	0.0	0.137859	-1887.949993
True	1e-06	34.065322	3e-06	1.268445	0.0	0.499423	0.0	0.166134	-1890.23487
True	0.0	33.804188	2e-06	1.252612	0.0	0.48109	0.0	0.164855	-1888.12511
True	3e-06	33.86321	1e-06	1.231326	0.0	0.513884	1e-06	0.170737	-1888.08586
True	1e-06	32.600563	1e-06	1.195214	0.0	0.365717	0.0	0.128099	-1887.918248
True	2e-06	33.624183	1e-06	1.217316	0.0	0.496347	0.0	0.158156	-1889.057108
True	3e-06	33.206354	1e-06	1.198159	0.0	0.464474	0.0	0.149451	-1888.391193
True	1e-06	33.693786	0.0	1.239276	0.0	0.472858	0.0	0.152032	-1888.888762
True	2e-06	32.945886	0.0	1.218234	0.0	0.379917	0.0	0.125482	-1888.595551
True	1e-06	33.91613	1e-06	1.23704	0.0	0.521469	0.0	0.166502	-1889.009475
True	2e-06	33.420317	0.0	1.22694	0.0	0.444557	0.0	0.143861	-1888.265246
True	0.0	33.254526	0.0	1.199997	0.0	0.473708	0.0	0.154285	-1888.281558
True	2e-06	33.467866	5e-06	1.205238	0.0	0.50959	0.0	0.161413	-1888.019233
True	1e-06	33.736876	0.0	1.217391	0.0	0.542316	0.0	0.17725	-1888.806125
True	1e-06	33.778143	3e-06	1.214557	0.0	0.54303	0.0	0.169157	-1888.210715
True	1e-06	33.494395	3e-06	1.201483	0.0	0.510611	0.0	0.155267	-1888.797838
True	3e-06	33.62724	4e-06	1.204004	0.0	0.527207	1e-06	0.160786	-1888.111616
True	1e-06	33.498323	0.0	1.192462	0.0	0.530331	0.0	0.166399	-1887.408461
True	2e-06	33.706989	2e-06	1.204394	0.0	0.544679	1e-06	0.172587	-1887.701527
True	2e-06	33.934465	3e-06	1.206873	0.0	0.57986	1e-06	0.180383	-1888.218387
True	0.0	34.091772	2e-06	1.219954	0.0	0.594344	0.0	0.187521	-1888.857317
True	1e-06	33.858955	5e-06	1.211913	0.0	0.547922	1e-06	0.166923	-1888.308997
True	1e-06	34.224077	1e-06	1.237519	0.0	0.566257	0.0	0.173189	-1888.037979
True	1e-06	34.080523	4e-06	1.23217	0.0	0.549545	0.0	0.170431	-1888.662156
True	1e-06	34.145012	2e-06	1.230212	0.0	0.576678	0.0	0.183078	-1888.151539
True	2e-06	34.347837	9e-06	1.255464	0.0	0.561706	1e-06	0.175237	-1888.682054
True	1e-06	34.07748	3e-06	1.227036	0.0	0.563435	0.0	0.174515	-1888.134549
True	2e-06	34.098451	2e-06	1.233574	0.0	0.548401	1e-06	0.171892	-1888.735722
True	1e-06	34.2767	1e-06	1.25837	0.0	0.533051	0.0	0.166395	-1888.774872
True	0.0	34.199989	1e-06	1.244431	0.0	0.540868	0.0	0.165084	-1888.552472
True	3e-06	34.422256	5e-06	1.259351	0.0	0.567367	0.0	0.172898	-1888.678624
True	1e-06	33.962723	1e-06	1.228527	0.0	0.538593	0.0	0.163395	-1888.66108
True	1e-06	33.976939	3e-06	1.232339	0.0	0.528213	0.0	0.160049	-1888.514913
True	1e-06	34.430267	3e-06	1.262489	0.0	0.548606	0.0	0.166297	-1888.487673
True	2e-06	34.30928	2e-06	1.238689	0.0	0.572694	1e-06	0.180001	-1888.871501
True	1e-06	34.224217	4e-06	1.253756	0.0	0.531104	0.0	0.158421	-1888.182996
True	3e-06	34.068115	3e-06	1.25028	0.0	0.502244	1e-06	0.155407	-1888.45945
True	2e-06	34.21526	1e-06	1.238249	0.0	0.562286	1e-06	0.176945	-1888.492905
True	1e-06	34.124417	2e-06	1.229665	0.0	0.559996	0.0	0.166854	-1888.255353
True	1e-06	34.137565	2e-06	1.223661	0.0	0.579262	0.0	0.180889	-1888.202131
True	1e-06	34.109035	3e-06	1.220491	0.0	0.573264	0.0	0.177404	-1888.17725
True	3e-06	34.319457	0.0	1.237156	0.0	0.568233	1e-06	0.179031	-1889.916236
True	2e-06	34.335769	1e-06	1.230151	0.0	0.593602	1e-06	0.185876	-1888.691005
True	1e-06	34.403224	5e-06	1.254228	0.0	0.581275	0.0	0.174454	-1888.775955
True	0.0	34.021276	5e-06	1.216993	0.0	0.55552	0.0	0.165601	-1887.432102
True	1e-06	34.387495	0.0	1.231782	0.0	0.599659	0.0	0.182882	-1888.140657
True	2e-06	34.266233	5e-06	1.22571	0.0	0.597192	0.0	0.17637	-1887.975858
True	1e-06	33.991458	3e-06	1.197635	0.0	0.593628	0.0	0.178162	-1888.108458
True	0.0	34.129947	3e-06	1.2049	0.0	0.617346	0.0	0.183997	-1887.337055
True	1e-06	33.926989	2e-06	1.193152	0.0	0.598155	0.0	0.179997	-1887.883613
True	3e-06	34.000525	5e-06	1.213987	0.0	0.56537	1e-06	0.169209	-1888.199157
True	4e-06	34.172501	6e-06	1.217426	0.0	0.58924	1e-06	0.179935	-1888.31681
True	3e-06	34.223985	7e-06	1.239803	0.0	0.548596	1e-06	0.164204	-1887.827996
True	0.0	34.082026	6e-06	1.22553	0.0	0.551754	0.0	0.168075	-1888.249333
True	3e-06	34.201915	2e-06	1.243068	0.0	0.541942	1e-06	0.164768	-1888.755896
True	2e-06	34.215761	4e-06	1.227818	0.0	0.58161	1e-06	0.176249	-1887.726768
True	1e-06	34.101365	6e-06	1.221983	0.0	0.592379	1e-06	0.179209	-1888.250712
True	1e-06	34.355632	7e-06	1.234312	0.0	0.609066	1e-06	0.179207	-1888.120329
True	2e-06	34.503087	5e-06	1.227492	0.0	0.634749	1e-06	0.193111	-1886.88084
True	1e-06	34.025623	2e-06	1.183644	0.0	0.618844	0.0	0.187316	-1888.05527
True	1e-06	34.225992	2e-06	1.210549	0.0	0.612991	0.0	0.184616	-1888.405125
True	0.0	34.522121	2e-06	1.235484	0.0	0.625999	0.0	0.190492	-1889.499843
True	1e-06	34.404587	7e-06	1.232839	0.0	0.613976	1e-06	0.173797	-1886.929433
True	0.0	34.177547	5e-06	1.222348	0.0	0.576111	0.0	0.166166	-1887.766863
True	1e-06	34.100959	2e-06	1.218251	0.0	0.570615	0.0	0.163272	-1886.907424
True	1e-06	34.228756	2e-06	1.220095	0.0	0.612726	0.0	0.187924	-1888.410025
True	1e-06	33.388048	5e-06	1.210036	0.0	0.462498	1e-06	0.141097	-1886.817953
True	2e-06	33.985529	3e-06	1.216265	0.0	0.561002	1e-06	0.162207	-1887.912832
True	2e-06	33.828746	2e-06	1.200095	0.0	0.562328	0.0	0.170692	-1886.891572
True	2e-06	33.915875	1e-06	1.196477	0.0	0.590164	1e-06	0.18305	-1888.005853
True	1e-06	33.553312	3e-06	1.19598	0.0	0.528957	0.0	0.162912	-1887.411804
True	0.0	33.818094	2e-06	1.20015	0.0	0.564572	0.0	0.176471	-1888.039255
True	1e-06	33.733965	2e-06	1.203731	0.0	0.548523	0.0	0.17053	-1888.017539
True	2e-06	34.051846	3e-06	1.247162	0.0	0.540461	0.0	0.16824	-1888.540676
True	2e-06	32.917408	1e-06	1.20441	0.0	0.402618	0.0	0.13041	-1888.80148
True	1e-06	33.236675	2e-06	1.194323	0.0	0.477414	0.0	0.153127	-1887.994635
True	0.0	33.800724	0.0	1.207903	0.0	0.550159	0.0	0.175278	-1887.902925
True	0.0	33.348028	1e-06	1.188809	0.0	0.509328	0.0	0.162698	-1888.48523
True	2e-06	33.734025	1e-06	1.199299	0.0	0.56592	0.0	0.177171	-1889.079896
True	0.0	33.557949	3e-06	1.181004	0.0	0.563223	0.0	0.171225	-1888.00471
True	1e-06	33.457754	7e-06	1.180533	0.0	0.5631	1e-06	0.173189	-1887.156876
True	3e-06	33.368953	3e-06	1.176535	0.0	0.536878	1e-06	0.165716	-1887.424482
True	1e-06	33.403285	2e-06	1.177265	0.0	0.545527	0.0	0.170588	-1888.144856
True	3e-06	33.342877	2e-06	1.177946	0.0	0.540364	0.0	0.169513	-1887.554563
True	2e-06	33.50541	3e-06	1.192203	0.0	0.529807	0.0	0.161845	-1888.846442
True	5e-06	33.691982	3e-06	1.198261	0.0	0.565112	1e-06	0.176108	-1887.897469
True	1e-06	33.637712	3e-06	1.189369	0.0	0.555478	1e-06	0.167233	-1887.675413
True	0.0	33.829017	1e-06	1.187027	0.0	0.591113	0.0	0.184361	-1888.117231
True	2e-06	33.436153	0.0	1.175994	0.0	0.543282	0.0	0.162167	-1887.788239
True	2e-06	33.277545	2e-06	1.164794	0.0	0.536053	0.0	0.164734	-1887.638649
True	2e-06	33.245919	3e-06	1.164509	0.0	0.554601	1e-06	0.176379	-1887.38292
True	1e-06	33.596797	4e-06	1.184576	0.0	0.585089	1e-06	0.182843	-1888.453935
True	2e-06	33.012874	3e-06	1.157574	0.0	0.519209	0.0	0.161787	-1888.186097
True	1e-06	32.571917	1e-06	1.146593	0.0	0.462951	0.0	0.154029	-1888.194981
True	2e-06	33.140805	2e-06	1.172774	0.0	0.514281	1e-06	0.166399	-1888.115653
True	0.0	33.792706	3e-06	1.201478	0.0	0.583651	0.0	0.181235	-1888.766715
True	1e-06	33.605298	4e-06	1.191366	0.0	0.556369	1e-06	0.169716	-1886.572635
True	1e-06	33.681485	2e-06	1.199812	0.0	0.554692	0.0	0.1756	-1886.858467
True	2e-06	33.809103	3e-06	1.196108	0.0	0.575432	0.0	0.176657	-1888.427543
True	1e-06	34.269875	4e-06	1.228109	0.0	0.620893	1e-06	0.1902	-1886.910712
True	0.0	34.382805	5e-06	1.231986	0.0	0.607728	0.0	0.17815	-1888.042537
True	2e-06	34.234072	5e-06	1.22243	0.0	0.598076	1e-06	0.176769	-1887.092074
True	3e-06	34.079871	4e-06	1.219817	0.0	0.563963	1e-06	0.161599	-1887.449661
True	0.0	34.248075	3e-06	1.220488	0.0	0.590082	0.0	0.173724	-1886.929715
True	3e-06	34.280377	5e-06	1.223012	0.0	0.59335	1e-06	0.170474	-1887.283613
True	1e-06	34.317111	4e-06	1.219238	0.0	0.611522	0.0	0.179363	-1886.78766
True	1e-06	34.157291	4e-06	1.204319	0.0	0.610938	0.0	0.179199	-1888.425935
True	1e-06	34.010589	3e-06	1.20582	0.0	0.614158	0.0	0.184494	-1887.467466
True	3e-06	34.241772	9e-06	1.225951	0.0	0.587515	1e-06	0.168261	-1887.69818
True	1e-06	34.242674	4e-06	1.211927	0.0	0.615511	0.0	0.186068	-1887.0646
True	1e-06	34.515491	2e-06	1.234437	0.0	0.624328	0.0	0.1904	-1888.319495
True	2e-06	34.43967	7e-06	1.228359	0.0	0.610365	1e-06	0.181623	-1887.712599
True	1e-06	34.440091	6e-06	1.231855	0.0	0.611379	1e-06	0.185591	-1887.393306
True	1e-06	34.064231	6e-06	1.20713	0.0	0.594648	1e-06	0.175926	-1887.44971
True	2e-06	34.254915	1e-06	1.228465	0.0	0.58937	0.0	0.172618	-1888.532535
True	2e-06	34.22545	2e-06	1.221558	0.0	0.58722	1e-06	0.172581	-1887.43941
True	1e-06	34.374582	8e-06	1.217795	0.0	0.621768	1e-06	0.179293	-1886.855788
True	1e-06	34.363612	5e-06	1.225449	0.0	0.618353	1e-06	0.188545	-1887.054909
True	2e-06	34.334265	6e-06	1.219274	0.0	0.614292	0.0	0.176655	-1887.715326
True	0.0	34.300925	5e-06	1.213868	0.0	0.613816	0.0	0.178573	-1888.255696
True	2e-06	34.559025	3e-06	1.24585	0.0	0.613568	1e-06	0.181583	-1888.122068
True	1e-06	34.372514	3e-06	1.219175	0.0	0.627243	0.0	0.184153	-1887.803988
True	2e-06	34.135449	5e-06	1.232694	0.0	0.545389	0.0	0.158568	-1887.925425
True	4e-06	34.328646	3e-06	1.241473	0.0	0.566092	1e-06	0.16564	-1887.995896
True	3e-06	34.320493	7e-06	1.230446	0.0	0.58993	1e-06	0.172783	-1888.534966
True	0.0	34.13886	3e-06	1.204433	0.0	0.601136	0.0	0.182837	-1887.7078
True	2e-06	34.096078	1e-06	1.22239	0.0	0.571885	0.0	0.182105	-1888.994859
True	0.0	34.191495	1e-06	1.215467	0.0	0.585021	0.0	0.173233	-1887.02104
True	2e-06	34.215493	7e-06	1.223627	0.0	0.577142	0.0	0.171138	-1887.632042
True	1e-06	34.119406	3e-06	1.21146	0.0	0.597384	1e-06	0.176467	-1887.39952
True	1e-06	33.839574	3e-06	1.187033	0.0	0.598266	0.0	0.176138	-1886.839227
True	1e-06	33.955644	4e-06	1.199777	0.0	0.589938	0.0	0.173593	-1887.282519
True	0.0	33.786633	1e-06	1.179996	0.0	0.591029	0.0	0.173238	-1887.017781
True	0.0	34.11413	8e-06	1.236604	0.0	0.537183	0.0	0.161873	-1887.955623
True	1e-06	33.974112	5e-06	1.230027	0.0	0.520734	1e-06	0.153786	-1887.767488
True	0.0	33.980736	1e-06	1.231339	0.0	0.526871	0.0	0.157318	-1887.545651
True	2e-06	34.291566	2e-06	1.239554	0.0	0.568527	0.0	0.177223	-1888.280254
True	2e-06	33.922443	6e-06	1.217669	0.0	0.547028	1e-06	0.168134	-1888.850584
True	2e-06	33.773387	3e-06	1.196122	0.0	0.56061	0.0	0.173293	-1888.206974
True	3e-06	33.8406	5e-06	1.226961	0.0	0.525188	0.0	0.163019	-1888.166227
True	0.0	33.973438	4e-06	1.21972	0.0	0.562124	0.0	0.174578	-1888.575729
True	2e-06	34.064743	5e-06	1.232175	0.0	0.556643	1e-06	0.176953	-1888.351027
True	1e-06	33.614692	4e-06	1.225893	0.0	0.482168	0.0	0.150949	-1887.547263
True	2e-06	34.35525	5e-06	1.252302	0.0	0.571921	0.0	0.176913	-1888.548404
True	3e-06	34.332267	6e-06	1.248073	0.0	0.568698	1e-06	0.174799	-1888.104873
True	2e-06	34.298373	7e-06	1.245513	0.0	0.56097	0.0	0.169224	-1887.463261
True	1e-06	34.092309	7e-06	1.23402	0.0	0.546791	1e-06	0.172939	-1887.908435
True	2e-06	34.301245	7e-06	1.243336	0.0	0.562669	0.0	0.173704	-1888.414776
True	0.0	34.318139	7e-06	1.23979	0.0	0.570928	1e-06	0.175796	-1889.17789
True	2e-06	34.321091	1e-06	1.227085	0.0	0.603965	1e-06	0.186727	-1888.525627
True	1e-06	34.238352	3e-06	1.21985	0.0	0.610322	1e-06	0.189526	-1888.43994
True	1e-06	34.176922	4e-06	1.215194	0.0	0.604042	1e-06	0.187495	-1889.533669
True	1e-06	34.206738	8e-06	1.221859	0.0	0.61544	1e-06	0.188502	-1888.369466
True	1e-06	33.660998	6e-06	1.207806	0.0	0.522932	0.0	0.158738	-1887.778502
True	1e-06	34.169594	6e-06	1.216968	0.0	0.608808	1e-06	0.18941	-1888.126363
True	2e-06	34.08977	5e-06	1.200396	0.0	0.621313	0.0	0.18796	-1887.299565
True	2e-06	33.876238	5e-06	1.190871	0.0	0.599713	0.0	0.176579	-1887.959755
True	1e-06	34.18755	8e-06	1.21567	0.0	0.617159	1e-06	0.182236	-1886.900501
True	1e-06	34.017804	3e-06	1.193817	0.0	0.611731	0.0	0.184612	-1887.13255
True	1e-06	34.310586	3e-06	1.232126	0.0	0.620245	1e-06	0.19203	-1889.65338
True	2e-06	34.129179	5e-06	1.191324	0.0	0.637438	0.0	0.193399	-1888.251144
True	0.0	34.050707	1e-06	1.195015	0.0	0.629433	0.0	0.193618	-1887.960562
True	0.0	33.948928	2e-06	1.193812	0.0	0.626718	0.0	0.193938	-1887.231743
True	0.0	33.845964	2e-06	1.189488	0.0	0.598688	0.0	0.18643	-1888.691404
True	1e-06	33.796898	2e-06	1.195156	0.0	0.591473	0.0	0.178529	-1887.383007
True	1e-06	33.896722	3e-06	1.193449	0.0	0.616632	0.0	0.187334	-1887.091818
True	0.0	33.755777	3e-06	1.169528	0.0	0.633963	0.0	0.1897	-1886.831998
True	0.0	33.680482	3e-06	1.182772	0.0	0.596679	0.0	0.182435	-1887.888331
True	2e-06	33.62007	1e-06	1.178533	0.0	0.574125	0.0	0.170088	-1887.528965
True	0.0	33.426068	0.0	1.174421	0.0	0.560616	0.0	0.172198	-1886.75982
True	2e-06	33.600792	2e-06	1.171208	0.0	0.604183	0.0	0.187059	-1888.663346
True	1e-06	33.549134	4e-06	1.169732	0.0	0.612038	0.0	0.189011	-1887.679556
True	2e-06	33.513599	4e-06	1.172291	0.0	0.607282	0.0	0.187261	-1887.958794
True	0.0	33.512047	3e-06	1.166092	0.0	0.603278	0.0	0.182015	-1888.305667
True	2e-06	33.608338	3e-06	1.176587	0.0	0.605848	0.0	0.186589	-1887.812383
True	0.0	33.435501	1e-06	1.150874	0.0	0.60164	0.0	0.184697	-1888.530393
True	3e-06	33.468729	1e-06	1.159459	0.0	0.604007	0.0	0.186913	-1886.592353
True	0.0	33.529712	3e-06	1.169531	0.0	0.60766	0.0	0.185218	-1886.289457
True	0.0	33.615835	3e-06	1.168528	0.0	0.607251	0.0	0.178951	-1886.90037
True	0.0	33.372211	1e-06	1.145932	0.0	0.586407	0.0	0.17838	-1887.653248
True	1e-06	33.530058	1e-06	1.151506	0.0	0.603675	0.0	0.182832	-1886.298492
True	1e-06	33.564134	0.0	1.150524	0.0	0.594668	0.0	0.180233	-1887.93169
True	2e-06	33.25025	2e-06	1.140887	0.0	0.565194	1e-06	0.168568	-1887.82289
True	0.0	33.813458	1e-06	1.178043	0.0	0.595862	0.0	0.179329	-1887.51981
True	2e-06	33.597496	0.0	1.178743	0.0	0.566774	0.0	0.167737	-1886.967869
True	1e-06	33.426755	1e-06	1.163062	0.0	0.562214	0.0	0.168143	-1886.646922
True	1e-06	33.643972	1e-06	1.172149	0.0	0.600022	0.0	0.180955	-1887.730458
True	0.0	33.829657	2e-06	1.182476	0.0	0.617437	0.0	0.18848	-1888.923216
True	1e-06	33.865411	2e-06	1.193812	0.0	0.587292	0.0	0.180961	-1887.707016
True	1e-06	34.011468	4e-06	1.219472	0.0	0.553668	1e-06	0.162688	-1888.215722
True	1e-06	33.716549	1e-06	1.208155	0.0	0.533415	0.0	0.165054	-1887.899866
True	1e-06	33.693623	4e-06	1.20096	0.0	0.537584	0.0	0.160415	-1888.679965
True	1e-06	34.183274	2e-06	1.210238	0.0	0.617414	0.0	0.189112	-1888.188559
True	1e-06	34.339646	2e-06	1.235389	0.0	0.60453	0.0	0.18397	-1888.915894
True	1e-06	34.088358	1e-06	1.199734	0.0	0.611751	0.0	0.184229	-1886.658866
True	1e-06	33.89935	2e-06	1.203149	0.0	0.560208	0.0	0.158029	-1887.970787
True	2e-06	33.490442	3e-06	1.18574	0.0	0.527461	1e-06	0.163146	-1886.75817
True	2e-06	34.120418	1e-06	1.224301	0.0	0.566294	0.0	0.169335	-1888.03539
True	1e-06	34.441481	3e-06	1.253766	0.0	0.570334	0.0	0.170775	-1887.852652
True	1e-06	34.440773	1.1e-05	1.252301	0.0	0.564584	1e-06	0.169003	-1887.899307
True	2e-06	34.48745	3e-06	1.261804	0.0	0.581328	0.0	0.177695	-1889.022375
True	3e-06	34.172135	6e-06	1.24541	0.0	0.538335	1e-06	0.165281	-1888.405799
True	1e-06	33.687773	4e-06	1.227711	0.0	0.493235	0.0	0.155705	-1887.653386
True	4e-06	34.165989	8e-06	1.249075	0.0	0.538333	1e-06	0.173063	-1888.015971
True	1e-06	34.371969	3e-06	1.262124	0.0	0.543441	0.0	0.171106	-1888.880655
True	3e-06	34.220141	7e-06	1.250447	0.0	0.540958	0.0	0.1631	-1888.436368
True	0.0	34.142739	8e-06	1.239995	0.0	0.531655	0.0	0.159012	-1888.509008
True	1e-06	34.181997	5e-06	1.222706	0.0	0.578721	0.0	0.178305	-1888.828064
True	2e-06	34.450163	6e-06	1.239839	0.0	0.604985	1e-06	0.189868	-1888.210097
True	0.0	34.033795	7e-06	1.222329	0.0	0.565355	1e-06	0.172722	-1888.22912
True	0.0	33.824651	3e-06	1.195384	0.0	0.58112	0.0	0.184063	-1887.987454
True	2e-06	33.800514	5e-06	1.198986	0.0	0.568771	1e-06	0.171993	-1888.423647
True	2e-06	34.24853	7e-06	1.236798	0.0	0.582658	1e-06	0.178036	-1888.119579
True	1e-06	34.248269	5e-06	1.226062	0.0	0.597125	1e-06	0.18284	-1889.072716
True	2e-06	34.294815	5e-06	1.237087	0.0	0.563839	0.0	0.167984	-1888.225337
True	1e-06	34.318338	7e-06	1.233996	0.0	0.568255	1e-06	0.167884	-1888.567532
True	1e-06	34.107464	2e-06	1.200791	0.0	0.606006	0.0	0.186858	-1887.846641
True	1e-06	34.375985	4e-06	1.232129	0.0	0.617178	0.0	0.18853	-1887.868023
True	1e-06	34.242372	5e-06	1.222401	0.0	0.593183	0.0	0.180259	-1888.917339
True	2e-06	34.434948	7e-06	1.237926	0.0	0.604815	1e-06	0.180208	-1887.433851
True	1e-06	34.304037	4e-06	1.227984	0.0	0.595615	0.0	0.179155	-1887.914243
True	0.0	34.20069	0.0	1.196756	0.0	0.618666	0.0	0.187093	-1887.40059
True	0.0	34.345792	2e-06	1.239408	0.0	0.587689	0.0	0.167012	-1888.746108
True	1e-06	34.256671	0.0	1.221411	0.0	0.602878	0.0	0.173856	-1887.867799
True	1e-06	34.195744	2e-06	1.20516	0.0	0.616963	0.0	0.187024	-1888.208894
True	0.0	34.234619	5e-06	1.218175	0.0	0.589152	0.0	0.17539	-1887.721218
True	1e-06	34.06402	7e-06	1.228414	0.0	0.549806	1e-06	0.166866	-1888.298323
True	1e-06	33.950215	6e-06	1.219815	0.0	0.546639	0.0	0.169666	-1888.125152
True	2e-06	34.179194	1e-06	1.236841	0.0	0.559104	0.0	0.169027	-1888.425774
True	3e-06	34.044234	6e-06	1.226101	0.0	0.556724	1e-06	0.175588	-1887.536204
True	2e-06	34.084177	8e-06	1.228395	0.0	0.562161	1e-06	0.178336	-1889.250118
True	2e-06	33.82566	5e-06	1.223685	0.0	0.517558	0.0	0.158952	-1888.514761
True	0.0	34.219399	2e-06	1.232707	0.0	0.588346	0.0	0.188088	-1888.850562
True	2e-06	33.930955	5e-06	1.226408	0.0	0.545889	1e-06	0.17479	-1888.529487
True	1e-06	33.068335	1e-06	1.20327	0.0	0.438512	0.0	0.149216	-1888.856807
True	1e-06	33.935775	4e-06	1.244367	0.0	0.516716	0.0	0.164023	-1888.47862
True	1e-06	33.735987	2e-06	1.231869	0.0	0.503259	0.0	0.161237	-1889.351094
True	1e-06	33.568634	0.0	1.211641	0.0	0.516062	0.0	0.172835	-1888.337215
True	0.0	33.085537	0.0	1.191221	0.0	0.465361	0.0	0.159502	-1888.288127
True	0.0	32.668602	1e-06	1.177842	0.0	0.412426	0.0	0.146962	-1888.510206
True	1e-06	33.640882	3e-06	1.224947	0.0	0.489733	0.0	0.164289	-1888.708038
True	4e-06	32.895069	1e-06	1.201431	0.0	0.412523	1e-06	0.146629	-1888.521867
True	3e-06	32.886059	2e-06	1.171413	0.0	0.457054	0.0	0.154818	-1888.26409
True	3e-06	33.474206	0.0	1.227622	0.0	0.468133	1e-06	0.156901	-1888.101727
True	3e-06	33.573139	1e-06	1.220011	0.0	0.498183	1e-06	0.16352	-1888.070999
True	2e-06	33.790915	0.0	1.227232	0.0	0.517728	0.0	0.168809	-1888.669914
True	0.0	33.87739	1e-06	1.233932	0.0	0.52426	0.0	0.172739	-1888.667193
True	1e-06	33.041284	0.0	1.219242	0.0	0.398823	0.0	0.133579	-1887.989888
True	0.0	33.283257	1e-06	1.223314	0.0	0.438562	0.0	0.145293	-1888.134388
True	2e-06	33.351136	0.0	1.233838	0.0	0.432085	0.0	0.150238	-1888.181009
True	1e-06	33.315874	0.0	1.233689	0.0	0.427444	0.0	0.147819	-1888.242838
True	2e-06	33.612805	2e-06	1.223473	0.0	0.487977	0.0	0.161517	-1889.005011
True	0.0	33.060741	0.0	1.194338	0.0	0.45234	0.0	0.152494	-1887.976064
True	1e-06	33.07592	1e-06	1.188655	0.0	0.470962	0.0	0.158899	-1889.499954
True	2e-06	32.776005	2e-06	1.177151	0.0	0.432971	0.0	0.151307	-1888.375244
True	2e-06	32.725332	1e-06	1.17743	0.0	0.419091	1e-06	0.146229	-1888.404216
True	0.0	32.564868	0.0	1.178791	0.0	0.390631	0.0	0.138445	-1887.732414
True	2e-06	32.996127	2e-06	1.194689	0.0	0.445387	0.0	0.152212	-1888.844919
True	3e-06	32.707385	3e-06	1.192389	0.0	0.393431	1e-06	0.134407	-1888.700567
True	1e-06	33.36747	3e-06	1.203252	0.0	0.502274	0.0	0.170111	-1888.810727
True	3e-06	33.48238	0.0	1.218992	0.0	0.500742	0.0	0.171152	-1888.133161
True	0.0	32.340251	2e-06	1.173897	0.0	0.366316	0.0	0.133553	-1887.931757
True	1e-06	32.804593	3e-06	1.190456	0.0	0.416796	0.0	0.147915	-1888.033707
True	2e-06	32.542435	4e-06	1.187421	0.0	0.385365	0.0	0.13404	-1888.692592
True	2e-06	33.128342	5e-06	1.217473	0.0	0.431137	1e-06	0.146743	-1888.652488
True	4e-06	33.822876	4e-06	1.243484	0.0	0.504934	1e-06	0.167526	-1888.575003
True	0.0	32.370646	3e-06	1.179392	0.0	0.358114	0.0	0.123907	-1888.894831
True	0.0	33.669748	4e-06	1.236102	0.0	0.493553	0.0	0.159105	-1888.006914
True	4e-06	33.616945	3e-06	1.212817	0.0	0.512116	1e-06	0.162132	-1889.185874
True	3e-06	33.462674	0.0	1.203654	0.0	0.505833	0.0	0.164091	-1888.843221
True	4e-06	33.45982	1e-06	1.20508	0.0	0.497228	1e-06	0.16111	-1887.86199
True	1e-06	32.598258	0.0	1.174643	0.0	0.4095	0.0	0.137145	-1888.178927
True	1e-06	32.844976	0.0	1.177321	0.0	0.443409	0.0	0.150323	-1888.683104
True	3e-06	33.007177	1e-06	1.19721	0.0	0.435412	1e-06	0.150564	-1889.275372
True	1e-06	33.521913	1e-06	1.217308	0.0	0.498667	0.0	0.171777	-1889.375461
True	2e-06	32.923333	2e-06	1.198001	0.0	0.431963	0.0	0.145015	-1888.122469
True	2e-06	33.72355	2e-06	1.214317	0.0	0.53731	0.0	0.172034	-1888.710606
True	0.0	33.473822	3e-06	1.216383	0.0	0.499211	0.0	0.160187	-1888.466238
True	3e-06	33.293947	4e-06	1.192782	0.0	0.498049	0.0	0.156328	-1888.635964
True	0.0	33.137634	3e-06	1.186304	0.0	0.481968	0.0	0.159124	-1888.308859
True	1e-06	32.43958	1e-06	1.161868	0.0	0.396922	0.0	0.137353	-1888.133595
True	1e-06	33.498489	4e-06	1.202695	0.0	0.53088	0.0	0.172183	-1888.042248
True	1e-06	33.167056	3e-06	1.20096	0.0	0.471133	0.0	0.153825	-1888.750791
True	4e-06	32.964315	3e-06	1.174151	0.0	0.483003	0.0	0.160976	-1888.942104
True	1e-06	33.147879	4e-06	1.186827	0.0	0.48756	0.0	0.160881	-1888.551895
True	0.0	33.225344	3e-06	1.208339	0.0	0.461651	0.0	0.154681	-1888.851256
True	2e-06	33.647622	2e-06	1.231023	0.0	0.487577	0.0	0.158611	-1888.716603
True	1e-06	34.197669	4e-06	1.272514	0.0	0.497319	0.0	0.160403	-1887.430321
True	0.0	33.43583	1e-06	1.253584	0.0	0.413104	0.0	0.143358	-1887.055334
True	0.0	33.641029	2e-06	1.262622	0.0	0.430614	0.0	0.148607	-1888.819228
True	0.0	32.918877	2e-06	1.239343	0.0	0.342205	0.0	0.124728	-1887.131924
True	1e-06	33.388509	2e-06	1.287236	0.0	0.345035	1e-06	0.131621	-1887.752275
True	1e-06	33.480977	1e-06	1.292325	0.0	0.351789	0.0	0.137886	-1888.621119
True	0.0	33.269919	3e-06	1.284773	1e-06	0.329159	0.0	0.126407	-1888.793007
True	2e-06	34.109248	4e-06	1.336182	0.0	0.39023	0.0	0.146417	-1888.643552
True	2e-06	33.744418	2e-06	1.331197	0.0	0.346251	0.0	0.139763	-1887.718489
True	1e-06	34.236399	1e-05	1.338959	1e-06	0.400369	1e-06	0.15178	-1889.542271
True	1e-06	34.099867	3e-06	1.337005	0.0	0.388982	0.0	0.151354	-1888.990883
True	3e-06	33.07936	0.0	1.259544	0.0	0.330201	1e-06	0.122451	-1888.788988
True	0.0	33.826769	2e-06	1.318057	0.0	0.375201	0.0	0.139266	-1888.890456
True	3e-06	33.587812	1e-06	1.313842	0.0	0.343945	0.0	0.126897	-1889.172848
True	3e-06	33.585234	0.0	1.298607	0.0	0.356083	1e-06	0.126583	-1889.202472
True	0.0	33.459793	3e-06	1.311334	0.0	0.318401	0.0	0.120248	-1888.112222
True	2e-06	34.517605	6e-06	1.343125	0.0	0.437592	1e-06	0.15356	-1889.170916
True	2e-06	33.665002	3e-06	1.301587	0.0	0.363412	0.0	0.13345	-1887.759508
True	0.0	33.622421	8e-06	1.302808	1e-06	0.347605	1e-06	0.127055	-1887.738974
True	0.0	34.441097	1.2e-05	1.350164	1e-06	0.409751	1e-06	0.144101	-1887.292036
True	0.0	33.842187	1e-06	1.316438	0.0	0.378107	0.0	0.141855	-1888.610785
True	1e-06	33.737549	0.0	1.300818	0.0	0.388541	0.0	0.142583	-1887.684964
True	1e-06	33.618895	1e-06	1.292415	0.0	0.383143	0.0	0.138431	-1887.79778
True	2e-06	33.534002	0.0	1.273658	0.0	0.39353	0.0	0.137923	-1887.20803
True	1e-06	33.555558	2e-06	1.268417	0.0	0.387665	0.0	0.133011	-1887.629891
True	0.0	33.922762	0.0	1.279173	0.0	0.44507	0.0	0.15186	-1888.275168
True	2e-06	33.566922	2e-06	1.269683	0.0	0.410218	1e-06	0.147283	-1887.346511
True	4e-06	33.754103	1e-06	1.270335	0.0	0.434964	1e-06	0.149181	-1887.82329
True	2e-06	33.946511	3e-06	1.261563	0.0	0.485985	0.0	0.159609	-1888.257434
True	0.0	34.029003	1e-06	1.268134	0.0	0.480773	0.0	0.157205	-1888.808007
True	1e-06	32.880167	2e-06	1.228597	0.0	0.35996	0.0	0.132265	-1888.243274
True	2e-06	33.526562	6e-06	1.259667	0.0	0.409623	1e-06	0.145248	-1888.055904
True	0.0	33.406906	6e-06	1.260701	0.0	0.404637	0.0	0.145248	-1888.276124
True	2e-06	33.490284	3e-06	1.250833	0.0	0.425668	0.0	0.145366	-1888.163264
True	1e-06	33.75066	7e-06	1.262592	0.0	0.432338	1e-06	0.142244	-1889.041026
True	1e-06	32.950669	3e-06	1.233826	0.0	0.3495	0.0	0.121248	-1887.954941
True	1e-06	33.781496	1e-06	1.231824	0.0	0.509553	0.0	0.165659	-1888.615761
True	3e-06	33.661811	1e-06	1.231361	0.0	0.501998	1e-06	0.16604	-1888.960444
True	1e-06	33.3046	0.0	1.211584	0.0	0.464236	0.0	0.160387	-1889.025433
True	0.0	33.676936	2e-06	1.231111	0.0	0.505789	0.0	0.168665	-1888.833083
True	3e-06	32.701912	0.0	1.191215	0.0	0.402421	0.0	0.143546	-1889.125704
True	2e-06	33.169441	2e-06	1.207135	0.0	0.452578	1e-06	0.151388	-1888.681361
True	0.0	33.674896	1e-06	1.234219	0.0	0.499369	0.0	0.165143	-1888.784843
True	2e-06	33.167125	1e-06	1.197017	0.0	0.461463	0.0	0.14867	-1888.09282
True	2e-06	33.306108	3e-06	1.212234	0.0	0.478601	0.0	0.159401	-1888.854222
True	3e-06	33.289165	4e-06	1.19835	0.0	0.507469	1e-06	0.168118	-1888.420468
True	2e-06	33.402985	3e-06	1.192124	0.0	0.529735	1e-06	0.172796	-1888.27343
True	1e-06	32.717387	4e-06	1.169653	0.0	0.448474	0.0	0.149969	-1887.143909
True	1e-06	32.893538	5e-06	1.181176	0.0	0.461809	0.0	0.151271	-1888.914887
True	2e-06	33.294129	7e-06	1.197445	0.0	0.499402	0.0	0.157754	-1887.872715
True	1e-06	33.064839	4e-06	1.196672	0.0	0.453526	0.0	0.148021	-1888.520147
True	1e-06	33.353121	2e-06	1.19246	0.0	0.522957	0.0	0.174567	-1887.629937
True	0.0	32.192964	2e-06	1.160333	0.0	0.360326	0.0	0.127453	-1888.167955
True	0.0	33.062077	3e-06	1.194277	0.0	0.457107	0.0	0.147051	-1887.263971
True	1e-06	33.30874	1e-06	1.203584	0.0	0.47637	0.0	0.155552	-1887.938527
True	1e-06	33.923387	2e-06	1.238556	0.0	0.526491	0.0	0.168406	-1888.424429
True	2e-06	32.620462	2e-06	1.189977	0.0	0.378661	0.0	0.131726	-1889.103499
True	1e-06	34.091945	0.0	1.255024	0.0	0.520522	0.0	0.167157	-1889.396306
True	1e-06	33.898098	1e-06	1.23657	0.0	0.526894	0.0	0.165846	-1888.417712
True	2e-06	33.832058	1e-06	1.240728	0.0	0.498238	0.0	0.159081	-1888.712819
True	0.0	32.774963	1e-06	1.199481	0.0	0.392619	0.0	0.140059	-1888.625497
True	0.0	32.467413	1e-06	1.170337	0.0	0.391168	0.0	0.138459	-1887.603707
True	0.0	33.529126	1e-06	1.220402	0.0	0.495785	0.0	0.166446	-1888.39646
True	3e-06	33.558587	1e-06	1.232042	0.0	0.479785	1e-06	0.16306	-1888.73923
True	2e-06	33.524346	0.0	1.24799	0.0	0.428835	0.0	0.148372	-1888.107298
True	2e-06	33.873847	1e-06	1.231021	0.0	0.529762	0.0	0.173953	-1887.83526
True	0.0	32.806338	0.0	1.187475	0.0	0.414222	0.0	0.145833	-1887.929999
True	1e-06	33.936512	3e-06	1.229088	0.0	0.520122	1e-06	0.174561	-1889.151071
True	2e-06	33.624765	0.0	1.219374	0.0	0.510997	0.0	0.174806	-1889.395289
True	1e-06	33.350104	3e-06	1.224058	0.0	0.433101	0.0	0.147569	-1888.641822
True	2e-06	33.215986	4e-06	1.241391	0.0	0.387954	1e-06	0.137849	-1888.629776
True	3e-06	32.994736	1e-06	1.237729	0.0	0.354641	0.0	0.127035	-1889.459238
True	1e-06	33.785957	0.0	1.261874	0.0	0.456623	0.0	0.157542	-1888.416345
True	2e-06	33.890275	2e-06	1.280802	0.0	0.438373	0.0	0.146972	-1888.702478
True	3e-06	34.069256	6e-06	1.261757	0.0	0.508078	1e-06	0.167947	-1888.454908
True	2e-06	32.964052	0.0	1.239565	0.0	0.352795	0.0	0.124997	-1887.295026
True	4e-06	34.187088	0.0	1.299206	0.0	0.443928	1e-06	0.147051	-1887.245469
True	2e-06	33.334913	1e-06	1.261004	0.0	0.370886	0.0	0.129976	-1887.484788
True	3e-06	34.16926	0.0	1.298793	0.0	0.441855	1e-06	0.151998	-1888.254953
True	2e-06	34.057405	1e-06	1.306869	0.0	0.411488	0.0	0.141105	-1887.978182
True	1e-06	33.972391	9e-06	1.323317	1e-06	0.389504	0.0	0.141	-1887.840604
True	3e-06	34.047554	1.2e-05	1.315666	1e-06	0.403632	2e-06	0.140546	-1887.441351
True	2e-06	34.262597	7e-06	1.309538	1e-06	0.436417	0.0	0.144388	-1887.974199
True	2e-06	34.174054	0.0	1.311016	0.0	0.428957	1e-06	0.147923	-1886.576164
True	2e-06	34.297351	1e-06	1.308166	0.0	0.449434	0.0	0.154413	-1887.729547
True	3e-06	34.015283	1e-06	1.306474	0.0	0.408482	1e-06	0.137307	-1887.035794
True	3e-06	34.043512	0.0	1.312923	0.0	0.407956	1e-06	0.13731	-1887.650753
True	2e-06	34.013088	1e-06	1.288851	0.0	0.431966	0.0	0.141265	-1887.694992
True	1e-06	33.504761	1e-06	1.282478	0.0	0.372818	0.0	0.131645	-1887.495438
True	3e-06	34.047997	1e-06	1.294917	0.0	0.428804	1e-06	0.140606	-1888.07803
True	2e-06	34.039474	5e-06	1.29594	0.0	0.421018	0.0	0.135234	-1887.608432
True	0.0	33.953855	2e-06	1.279325	0.0	0.445397	0.0	0.147104	-1888.184357
True	3e-06	33.903107	6e-06	1.290253	1e-06	0.41974	0.0	0.141389	-1887.183572
True	1e-06	34.570852	8e-06	1.296111	0.0	0.510093	1e-06	0.162214	-1887.973798
True	2e-06	34.135702	2e-06	1.260846	0.0	0.494309	0.0	0.15446	-1888.613787
True	1e-06	34.138678	1e-06	1.245523	0.0	0.529685	0.0	0.168033	-1889.022316
True	2e-06	34.040803	4e-06	1.256783	0.0	0.498333	1e-06	0.161225	-1887.604526
True	1e-06	33.514199	2e-06	1.24497	0.0	0.434815	0.0	0.144374	-1888.243777
True	0.0	33.70587	4e-06	1.214315	0.0	0.514902	0.0	0.164152	-1887.599105
True	0.0	33.745398	4e-06	1.239861	0.0	0.46976	0.0	0.149844	-1887.866587
True	3e-06	34.154529	3e-06	1.255492	0.0	0.516213	0.0	0.169881	-1889.173576
True	0.0	33.979005	8e-06	1.252465	0.0	0.49261	0.0	0.14986	-1888.648365
True	3e-06	33.5394	2e-06	1.231718	0.0	0.437854	0.0	0.133864	-1888.611644
True	0.0	33.283836	4e-06	1.218599	0.0	0.428333	0.0	0.136132	-1887.355627
True	2e-06	34.198908	9e-06	1.257939	0.0	0.514231	1e-06	0.158926	-1889.089028
True	1e-06	34.082034	6e-06	1.244419	0.0	0.526333	1e-06	0.164296	-1887.488761
True	4e-06	34.016906	7e-06	1.246861	0.0	0.518177	0.0	0.165542	-1887.916347
True	1e-06	33.436495	5e-06	1.21942	0.0	0.474154	0.0	0.157394	-1888.011017
True	0.0	33.294125	3e-06	1.202025	0.0	0.466522	0.0	0.154208	-1888.101902
True	2e-06	34.23389	7e-06	1.255711	0.0	0.532979	1e-06	0.16587	-1888.871998
True	2e-06	33.823295	3e-06	1.253045	0.0	0.464484	1e-06	0.150075	-1887.929464
True	2e-06	34.126838	6e-06	1.251684	0.0	0.53117	0.0	0.163017	-1887.968789
True	0.0	33.816589	1e-06	1.22754	0.0	0.51093	0.0	0.157779	-1889.07482
True	1e-06	33.672711	3e-06	1.231028	0.0	0.487683	0.0	0.158948	-1887.726145
True	0.0	33.164238	1e-06	1.198249	0.0	0.459945	0.0	0.156686	-1888.972447
True	1e-06	33.968826	3e-06	1.221865	0.0	0.571482	0.0	0.176531	-1888.715847
True	0.0	33.325368	3e-06	1.18623	0.0	0.513712	0.0	0.153964	-1888.914726
True	1e-06	33.826535	3e-06	1.190332	0.0	0.601664	1e-06	0.183184	-1888.232767
True	1e-06	33.808311	1e-06	1.183847	0.0	0.612387	0.0	0.186669	-1887.174488
True	0.0	33.33312	4e-06	1.148966	0.0	0.585595	0.0	0.173632	-1886.470391
True	1e-06	33.41459	4e-06	1.167734	0.0	0.575531	0.0	0.173878	-1887.231918
True	1e-06	33.448522	3e-06	1.160635	0.0	0.5918	0.0	0.180197	-1887.206952
True	2e-06	33.469881	2e-06	1.157057	0.0	0.606633	0.0	0.186317	-1887.827862
True	1e-06	33.307202	4e-06	1.156756	0.0	0.57645	1e-06	0.17928	-1887.68923
True	1e-06	33.745714	3e-06	1.190342	0.0	0.59567	1e-06	0.182465	-1887.353654
True	2e-06	33.618415	4e-06	1.176247	0.0	0.610627	0.0	0.187808	-1888.00338
True	0.0	33.348193	6e-06	1.171462	0.0	0.57584	1e-06	0.177843	-1887.806548
True	0.0	32.977458	4e-06	1.146423	0.0	0.532109	0.0	0.160537	-1888.226432
True	0.0	33.429755	2e-06	1.164003	0.0	0.574239	0.0	0.178649	-1888.124078
True	1e-06	33.51713	3e-06	1.170054	0.0	0.579285	0.0	0.177864	-1888.068818
True	0.0	33.265703	3e-06	1.164219	0.0	0.548571	0.0	0.169189	-1888.232107
True	0.0	33.151671	3e-06	1.151427	0.0	0.562884	0.0	0.177106	-1887.605282
True	0.0	32.823793	4e-06	1.147987	0.0	0.512397	0.0	0.167994	-1888.280373
True	1e-06	32.965875	2e-06	1.165715	0.0	0.497847	0.0	0.164611	-1888.145848
True	0.0	32.283036	3e-06	1.132091	0.0	0.440953	0.0	0.145444	-1887.940023
True	0.0	33.216266	4e-06	1.165352	0.0	0.559546	0.0	0.18074	-1888.783656
True	0.0	32.207055	2e-06	1.137692	0.0	0.419718	0.0	0.145529	-1889.158937
True	1e-06	33.067583	5e-06	1.167694	0.0	0.520794	0.0	0.167771	-1888.353461
True	3e-06	33.693099	2e-06	1.18805	0.0	0.587323	0.0	0.18557	-1889.16246
True	0.0	33.303063	4e-06	1.179995	0.0	0.542372	0.0	0.173375	-1887.814603
True	0.0	33.436729	4e-06	1.185694	0.0	0.551895	0.0	0.173232	-1887.880042
True	0.0	32.456598	2e-06	1.156157	0.0	0.420399	0.0	0.142265	-1888.465222
True	0.0	32.487107	1e-06	1.158268	0.0	0.418523	0.0	0.144004	-1887.863629
True	0.0	33.27443	3e-06	1.160041	0.0	0.562419	0.0	0.176697	-1886.991763
True	0.0	33.230332	2e-06	1.167357	0.0	0.537738	0.0	0.169024	-1889.061496
True	3e-06	33.428461	1e-06	1.171511	0.0	0.559542	1e-06	0.178247	-1888.251708
True	2e-06	33.482808	1e-06	1.176467	0.0	0.54768	0.0	0.168892	-1888.614391
True	2e-06	33.617026	1e-06	1.184471	0.0	0.560379	0.0	0.17561	-1888.648164
True	0.0	33.439952	2e-06	1.200125	0.0	0.495928	0.0	0.157458	-1888.575327
True	4e-06	33.632845	1e-06	1.215907	0.0	0.500324	1e-06	0.157005	-1887.426056
True	1e-06	34.157777	3e-06	1.250435	0.0	0.517849	0.0	0.157879	-1888.339883
True	0.0	33.82475	2e-06	1.21347	0.0	0.528897	0.0	0.161676	-1888.010521
True	3e-06	33.689664	0.0	1.199279	0.0	0.540917	1e-06	0.164871	-1887.925531
True	2e-06	33.151278	1e-06	1.177884	0.0	0.487289	0.0	0.150264	-1887.433862
True	2e-06	33.672614	0.0	1.19003	0.0	0.563062	0.0	0.175734	-1888.403806
True	1e-06	32.601571	1e-06	1.165865	0.0	0.417643	0.0	0.138034	-1887.57536
True	1e-06	33.858296	2e-06	1.203008	0.0	0.569246	0.0	0.176219	-1887.471852
True	2e-06	33.428849	4e-06	1.193893	0.0	0.50079	1e-06	0.153899	-1887.643874
True	1e-06	34.158672	0.0	1.223829	1e-06	0.578329	1e-06	0.18399	-1888.108788
True	2e-06	33.651316	1e-06	1.20883	0.0	0.518876	1e-06	0.164155	-1887.278302
True	2e-06	34.044934	1e-06	1.214672	0.0	0.575948	0.0	0.175851	-1887.50186
True	2e-06	34.001993	1e-06	1.206199	0.0	0.59727	0.0	0.183446	-1887.032352
True	3e-06	33.522267	3e-06	1.199974	0.0	0.519016	0.0	0.160577	-1887.690719
True	0.0	33.561478	5e-06	1.208201	0.0	0.50918	0.0	0.153887	-1887.941992
True	1e-06	33.970945	5e-06	1.201797	0.0	0.607105	1e-06	0.183654	-1888.287292
True	0.0	33.361665	4e-06	1.173524	0.0	0.545043	0.0	0.165278	-1887.974188
True	1e-06	33.84762	3e-06	1.182899	0.0	0.606838	0.0	0.18272	-1886.971086
True	1e-06	34.033213	5e-06	1.192408	0.0	0.624298	0.0	0.181955	-1886.866897
True	1e-06	33.995051	4e-06	1.191494	0.0	0.608471	0.0	0.180306	-1887.454117
True	1e-06	34.22783	1e-06	1.206523	0.0	0.625111	0.0	0.185971	-1887.843809
True	0.0	34.248875	7e-06	1.222498	0.0	0.58963	0.0	0.176012	-1888.637966
True	1e-06	34.359524	4e-06	1.22527	0.0	0.612526	1e-06	0.18229	-1888.02864
True	2e-06	33.912007	2e-06	1.209792	0.0	0.56844	1e-06	0.16908	-1887.94872
True	1e-06	34.115342	4e-06	1.21664	0.0	0.597279	0.0	0.175307	-1888.315206
True	1e-06	34.007671	3e-06	1.203585	0.0	0.580543	0.0	0.171242	-1887.206567
True	2e-06	34.076251	2e-06	1.201537	0.0	0.578373	1e-06	0.179289	-1888.526739
True	4e-06	34.282814	1e-06	1.248332	0.0	0.550653	1e-06	0.164944	-1888.740987
True	1e-06	34.40953	9e-06	1.258179	0.0	0.554043	0.0	0.169303	-1889.050144
True	1e-06	34.481504	6e-06	1.254234	0.0	0.573113	1e-06	0.177201	-1888.652338
True	3e-06	34.037645	2e-06	1.206328	0.0	0.587026	0.0	0.178087	-1887.648628
True	2e-06	34.264055	2e-06	1.213971	0.0	0.616927	0.0	0.188179	-1887.01953
True	2e-06	33.976357	4e-06	1.198762	0.0	0.598745	1e-06	0.183239	-1887.100347
True	2e-06	34.197551	5e-06	1.211122	0.0	0.613736	0.0	0.184449	-1887.805047
True	2e-06	33.758159	2e-06	1.180636	0.0	0.59136	1e-06	0.180426	-1887.884117
True	2e-06	33.692172	1e-06	1.177305	0.0	0.587008	0.0	0.180323	-1886.385226
True	0.0	33.667988	1e-06	1.161004	0.0	0.603315	0.0	0.181559	-1887.545619
True	1e-06	33.485612	1e-06	1.160117	0.0	0.584372	0.0	0.17574	-1886.107394
True	2e-06	33.819091	0.0	1.192303	0.0	0.601856	0.0	0.185216	-1888.235906
True	0.0	33.766272	0.0	1.179648	0.0	0.608142	0.0	0.188895	-1888.223961
True	1e-06	33.654189	1e-06	1.184305	0.0	0.568371	0.0	0.171072	-1888.507884
True	1e-06	32.898075	4e-06	1.162667	0.0	0.482972	0.0	0.151207	-1887.550601
True	1e-06	33.962905	1e-06	1.20311	0.0	0.59353	0.0	0.183902	-1888.147351
True	2e-06	33.793055	1e-06	1.197385	0.0	0.57136	0.0	0.177684	-1888.632306
True	2e-06	33.549428	3e-06	1.179503	0.0	0.560359	1e-06	0.172665	-1887.085672
True	1e-06	33.844414	2e-06	1.197204	0.0	0.578321	0.0	0.173907	-1888.604751
True	1e-06	33.358153	1e-06	1.187239	0.0	0.497088	0.0	0.148004	-1888.215659
True	1e-06	34.050182	1e-06	1.20938	0.0	0.579854	0.0	0.181626	-1888.597286
True	2e-06	34.16082	4e-06	1.23938	0.0	0.558145	0.0	0.180916	-1888.720187
True	1e-06	33.283953	4e-06	1.211258	0.0	0.447134	0.0	0.143665	-1888.221925
True	2e-06	33.934272	7e-06	1.239032	0.0	0.512328	0.0	0.164797	-1887.306757
True	1e-06	33.877127	5e-06	1.230684	0.0	0.519688	0.0	0.165766	-1887.381517
False	0.0	34.370981	1e-06	1.2486	0.0	0.565567	1e-06	0.182215	-1889.310314
True	1e-06	34.165488	2e-06	1.235376	0.0	0.553934	0.0	0.170725	-1888.150228
True	3e-06	34.215447	4e-06	1.236814	0.0	0.563574	1e-06	0.176257	-1888.524262
True	0.0	34.259592	8e-06	1.247335	0.0	0.537287	1e-06	0.160552	-1888.767695
True	2e-06	33.996464	8e-06	1.245617	1e-06	0.503899	0.0	0.156832	-1888.530119
True	1e-06	33.893052	4e-06	1.229301	0.0	0.516264	0.0	0.160255	-1888.54544
True	1e-06	33.942839	3e-06	1.244113	0.0	0.502097	0.0	0.155044	-1888.979313
True	4e-06	34.069778	5e-06	1.246412	0.0	0.516744	1e-06	0.160588	-1888.314268
True	1e-06	34.048757	3e-06	1.244887	0.0	0.511798	0.0	0.161159	-1888.048956
True	0.0	34.407596	4e-06	1.266114	0.0	0.547653	0.0	0.167659	-1889.102973
True	1e-06	34.0685	1e-06	1.248629	0.0	0.52821	0.0	0.167478	-1889.283654
True	1e-06	33.444326	3e-06	1.228623	0.0	0.448607	0.0	0.151327	-1888.80208
True	1e-06	34.071104	5e-06	1.255489	0.0	0.502221	0.0	0.157632	-1889.058993
True	2e-06	33.886904	2e-06	1.238876	0.0	0.504023	0.0	0.155332	-1888.754539
True	0.0	33.781221	5e-06	1.2447	0.0	0.486221	0.0	0.158878	-1888.051558
True	1e-06	33.243109	0.0	1.229233	0.0	0.416823	0.0	0.141568	-1888.140146
True	0.0	34.011584	4e-06	1.26506	0.0	0.475312	0.0	0.157038	-1888.365101
True	2e-06	34.554075	4e-06	1.286126	0.0	0.532706	1e-06	0.168772	-1888.660455
True	1e-06	33.949685	5e-06	1.260753	0.0	0.472887	0.0	0.154331	-1888.214555
True	1e-06	34.35465	1e-06	1.2664	0.0	0.534443	0.0	0.170497	-1888.83905
True	1e-06	34.125481	3e-06	1.253837	0.0	0.522347	0.0	0.165147	-1889.826561
True	1e-06	33.628048	4e-06	1.240282	0.0	0.458181	0.0	0.147294	-1888.793107
True	2e-06	34.173568	0.0	1.254696	0.0	0.540913	0.0	0.175209	-1888.375065
True	1e-06	33.734007	0.0	1.205916	0.0	0.544471	0.0	0.177646	-1888.386263
True	2e-06	33.507288	2e-06	1.197624	0.0	0.53176	1e-06	0.172432	-1887.700348
True	0.0	33.624871	3e-06	1.199418	0.0	0.559091	0.0	0.175449	-1888.955463
True	1e-06	33.554041	1e-06	1.198646	0.0	0.524168	0.0	0.161658	-1888.622183
True	2e-06	33.454249	1e-06	1.182017	0.0	0.529649	0.0	0.171641	-1888.185171
True	2e-06	33.562018	4e-06	1.19203	0.0	0.54521	1e-06	0.168123	-1887.501262
True	2e-06	33.383725	1e-06	1.178968	0.0	0.545291	0.0	0.175006	-1887.857031
True	1e-06	33.050836	2e-06	1.159065	0.0	0.524181	0.0	0.169344	-1888.106745
True	0.0	33.602248	3e-06	1.192289	0.0	0.5633	0.0	0.178047	-1888.645653
True	1e-06	33.326979	2e-06	1.179127	0.0	0.523491	0.0	0.157515	-1887.41392
True	2e-06	33.337482	2e-06	1.185373	0.0	0.519065	0.0	0.160679	-1888.661827
True	0.0	33.722515	3e-06	1.194623	0.0	0.56518	0.0	0.169562	-1887.90328
True	0.0	33.647395	2e-06	1.190272	0.0	0.558812	0.0	0.172394	-1888.464898
True	0.0	33.354777	0.0	1.178297	0.0	0.524322	0.0	0.162141	-1886.87797
True	1e-06	33.898518	1e-06	1.203889	0.0	0.572078	0.0	0.173234	-1887.648914
True	2e-06	33.943403	4e-06	1.210078	0.0	0.55844	1e-06	0.167511	-1888.473746
True	1e-06	33.274474	5e-06	1.189502	0.0	0.482134	0.0	0.152479	-1888.829349
True	0.0	33.903587	4e-06	1.212609	0.0	0.548314	0.0	0.167366	-1887.454276
True	0.0	33.90984	5e-06	1.220611	0.0	0.534444	0.0	0.161372	-1887.514777
True	1e-06	33.85962	1e-06	1.199596	0.0	0.56226	0.0	0.164308	-1887.763014
True	3e-06	33.808585	1e-06	1.219077	0.0	0.507497	1e-06	0.147483	-1887.609563
True	3e-06	33.868235	8e-06	1.234995	1e-06	0.498111	0.0	0.151607	-1888.750015
True	1e-06	34.345888	6e-06	1.238292	0.0	0.582764	1e-06	0.182795	-1889.189591
True	1e-06	34.23184	4e-06	1.211202	0.0	0.606461	0.0	0.187252	-1888.082279
True	2e-06	34.095628	5e-06	1.219206	0.0	0.584113	0.0	0.174574	-1886.943111
True	2e-06	34.192337	6e-06	1.225755	0.0	0.587472	1e-06	0.175509	-1888.234973
True	2e-06	33.726321	4e-06	1.205795	0.0	0.542361	0.0	0.162483	-1887.703747
True	0.0	32.884875	2e-06	1.171067	0.0	0.460137	0.0	0.149634	-1887.802417
True	0.0	33.863291	3e-06	1.196248	0.0	0.607284	0.0	0.188131	-1886.484067
True	0.0	33.022925	2e-06	1.154992	0.0	0.510396	0.0	0.163121	-1888.20806
True	1e-06	33.468228	1e-06	1.158729	0.0	0.591717	0.0	0.183695	-1887.06724
True	2e-06	33.307879	3e-06	1.154996	0.0	0.566337	0.0	0.167245	-1886.78683
True	0.0	33.471299	3e-06	1.162443	0.0	0.585796	0.0	0.174614	-1887.227045
True	0.0	33.206754	3e-06	1.155246	0.0	0.54709	0.0	0.161676	-1887.936611
True	2e-06	33.405546	3e-06	1.152557	0.0	0.592595	0.0	0.179446	-1887.494856
True	0.0	33.712205	0.0	1.170634	0.0	0.603754	0.0	0.183419	-1887.562773
True	2e-06	33.623447	4e-06	1.192283	0.0	0.553262	1e-06	0.164731	-1888.131494
True	2e-06	33.24523	4e-06	1.172114	0.0	0.521467	1e-06	0.15825	-1887.763966
True	1e-06	33.023409	1e-06	1.166097	0.0	0.517371	0.0	0.169008	-1887.795853
True	1e-06	32.80981	0.0	1.179076	0.0	0.437229	0.0	0.140686	-1888.48436
True	2e-06	33.249034	2e-06	1.184213	0.0	0.500235	0.0	0.159412	-1888.079049
True	2e-06	33.36048	4e-06	1.177666	0.0	0.532336	1e-06	0.160993	-1887.965271
True	0.0	34.068147	2e-06	1.222239	0.0	0.605504	0.0	0.188574	-1888.534008
True	0.0	33.634027	0.0	1.190657	0.0	0.561906	0.0	0.178847	-1889.33646
True	1e-06	33.178374	1e-06	1.188901	0.0	0.490761	0.0	0.167205	-1888.472561
True	0.0	33.679751	1e-06	1.185943	0.0	0.584948	0.0	0.187178	-1888.226737
True	0.0	33.729138	2e-06	1.1865	0.0	0.593516	0.0	0.184355	-1888.807114
True	1e-06	32.954603	3e-06	1.179701	0.0	0.46561	0.0	0.146708	-1888.724381
True	1e-06	33.731584	3e-06	1.201395	0.0	0.570241	1e-06	0.178741	-1887.950971
True	2e-06	33.848227	4e-06	1.208039	0.0	0.592815	1e-06	0.187808	-1888.628607
True	0.0	32.473052	3e-06	1.167553	0.0	0.395211	0.0	0.129607	-1887.908246
True	0.0	33.850942	3e-06	1.227735	0.0	0.531811	0.0	0.164637	-1888.015502
True	3e-06	33.80772	4e-06	1.228492	0.0	0.512545	1e-06	0.158449	-1888.566117
True	0.0	32.721222	2e-06	1.181925	0.0	0.407992	0.0	0.132944	-1888.754987
True	1e-06	33.243608	3e-06	1.198227	0.0	0.478305	0.0	0.158182	-1888.370535
True	1e-06	32.959092	3e-06	1.183092	0.0	0.453672	0.0	0.15022	-1887.906283
True	1e-06	33.598574	2e-06	1.206765	0.0	0.530007	0.0	0.173127	-1888.051933
True	0.0	33.528419	3e-06	1.206913	0.0	0.514613	0.0	0.158341	-1887.917652
True	2e-06	33.679853	4e-06	1.194381	0.0	0.557413	1e-06	0.16674	-1887.911881
True	1e-06	33.427671	3e-06	1.198325	0.0	0.504392	0.0	0.153485	-1887.327489
True	2e-06	33.055878	0.0	1.192375	0.0	0.440282	0.0	0.136164	-1888.689416
True	0.0	33.856392	3e-06	1.232951	0.0	0.525484	0.0	0.163778	-1888.639755
True	2e-06	33.402899	2e-06	1.188137	0.0	0.521462	0.0	0.164744	-1887.798105
True	1e-06	33.553962	2e-06	1.188956	0.0	0.537657	0.0	0.164794	-1887.685161
True	1e-06	33.176148	1e-06	1.186156	0.0	0.477585	0.0	0.149364	-1887.747878
True	2e-06	33.725455	5e-06	1.209051	0.0	0.55434	1e-06	0.166382	-1887.277911
True	0.0	32.695432	2e-06	1.162419	0.0	0.432303	0.0	0.13356	-1887.78287
True	0.0	32.676913	2e-06	1.160067	0.0	0.438854	0.0	0.141894	-1887.194206
True	1e-06	33.729901	2e-06	1.21373	0.0	0.53259	0.0	0.164657	-1888.119748
True	0.0	33.028698	2e-06	1.185645	0.0	0.454097	0.0	0.140999	-1887.945839
True	0.0	33.603024	3e-06	1.207126	0.0	0.534297	0.0	0.168705	-1888.873277
True	0.0	33.730864	4e-06	1.217628	0.0	0.542696	0.0	0.170959	-1888.732061
True	1e-06	33.535712	3e-06	1.198866	0.0	0.552196	0.0	0.176976	-1887.639723
True	0.0	33.233484	3e-06	1.187839	0.0	0.4983	0.0	0.151197	-1887.277276
True	1e-06	33.343083	3e-06	1.176824	0.0	0.546082	0.0	0.170041	-1888.80739
True	1e-06	33.126017	4e-06	1.167425	0.0	0.512038	0.0	0.15501	-1887.979547
True	1e-06	33.491934	2e-06	1.198245	0.0	0.507463	0.0	0.152022	-1888.202156
True	0.0	32.890425	2e-06	1.18277	0.0	0.430229	0.0	0.134635	-1887.607609
True	2e-06	33.776365	2e-06	1.205168	0.0	0.538951	0.0	0.165457	-1888.132422
True	1e-06	33.124992	1e-06	1.196797	0.0	0.434388	0.0	0.138269	-1887.732225
True	3e-06	33.904513	2e-06	1.222896	0.0	0.527245	1e-06	0.159039	-1888.508505
True	0.0	33.784642	0.0	1.197013	0.0	0.552843	0.0	0.172377	-1888.220477
True	2e-06	33.76935	1e-06	1.210769	0.0	0.534387	0.0	0.167534	-1887.810488
True	0.0	33.638904	2e-06	1.206119	0.0	0.526509	0.0	0.171937	-1887.958601
True	1e-06	33.605815	0.0	1.172086	0.0	0.575418	0.0	0.178099	-1888.08418
True	0.0	33.466694	0.0	1.18298	0.0	0.543381	0.0	0.167695	-1888.242673
True	0.0	32.969827	2e-06	1.153741	0.0	0.504948	0.0	0.155878	-1887.32444
True	1e-06	33.222456	2e-06	1.168623	0.0	0.525659	0.0	0.166742	-1887.923492
True	1e-06	32.215885	2e-06	1.139766	0.0	0.406168	0.0	0.135944	-1889.035432
True	3e-06	33.804606	1e-06	1.186517	0.0	0.601875	1e-06	0.186403	-1888.233488
True	0.0	33.043205	5e-06	1.16668	0.0	0.517917	0.0	0.160332	-1888.345623
True	0.0	32.785944	4e-06	1.158622	0.0	0.472646	0.0	0.150808	-1888.453158
True	1e-06	33.054495	2e-06	1.18723	0.0	0.46552	0.0	0.148729	-1888.347987
True	3e-06	33.330638	2e-06	1.20464	0.0	0.474395	0.0	0.14827	-1888.382787
True	1e-06	32.950636	3e-06	1.191181	0.0	0.444543	0.0	0.143991	-1887.550273
True	0.0	33.55697	5e-06	1.206568	0.0	0.546072	0.0	0.171551	-1887.360793
True	0.0	33.676196	3e-06	1.211183	0.0	0.541251	0.0	0.171229	-1888.886363
True	1e-06	33.160869	5e-06	1.194345	0.0	0.471671	0.0	0.149628	-1888.381056
True	1e-06	33.27697	4e-06	1.196544	0.0	0.4906	0.0	0.159895	-1888.899583
True	1e-06	32.331224	2e-06	1.153053	0.0	0.388382	0.0	0.136843	-1888.809937
True	4e-06	33.346411	1e-06	1.198754	0.0	0.488763	1e-06	0.157944	-1888.380022
True	2e-06	33.711053	1e-06	1.22603	0.0	0.504684	1e-06	0.165244	-1888.549276
True	1e-06	33.329276	0.0	1.200146	0.0	0.482602	0.0	0.163551	-1887.386667
True	2e-06	33.365751	3e-06	1.213102	0.0	0.471174	1e-06	0.15878	-1888.093385
True	1e-06	33.618949	3e-06	1.222331	0.0	0.496861	0.0	0.168821	-1889.226482
True	0.0	33.171326	3e-06	1.221915	0.0	0.414587	0.0	0.144264	-1887.139589
True	1e-06	33.582258	3e-06	1.231066	0.0	0.469522	0.0	0.160173	-1887.952643
True	1e-06	33.392209	1e-06	1.218523	0.0	0.477196	0.0	0.162723	-1887.891816
True	1e-06	33.407647	0.0	1.208872	0.0	0.491005	0.0	0.165805	-1888.580889
True	0.0	32.856782	0.0	1.199461	0.0	0.411219	1e-06	0.143149	-1889.056788
True	2e-06	32.631404	1e-06	1.183535	0.0	0.392768	0.0	0.136234	-1888.522663
True	1e-06	32.403038	1e-06	1.165578	0.0	0.387159	0.0	0.137188	-1888.492574
True	3e-06	33.31816	1e-06	1.200784	0.0	0.492745	1e-06	0.168749	-1888.337396
True	1e-06	33.134161	2e-06	1.202899	0.0	0.455926	0.0	0.161754	-1888.242573
True	2e-06	32.17473	2e-06	1.150522	0.0	0.371282	0.0	0.135844	-1889.52315
True	1e-06	33.41606	2e-06	1.207075	0.0	0.509114	0.0	0.171548	-1888.219569
True	0.0	32.474801	2e-06	1.167461	0.0	0.397741	0.0	0.140269	-1888.831732
True	2e-06	33.497294	2e-06	1.212941	0.0	0.509643	0.0	0.168917	-1888.000307
True	3e-06	32.837334	3e-06	1.204006	0.0	0.40812	0.0	0.140915	-1888.683536
True	0.0	32.801622	1e-06	1.198173	0.0	0.401975	0.0	0.143104	-1888.752683
True	2e-06	33.881996	3e-06	1.251156	0.0	0.501905	1e-06	0.170545	-1889.21023
True	0.0	33.422455	2e-06	1.239206	0.0	0.444672	0.0	0.159099	-1888.595445
True	2e-06	32.877299	1e-06	1.22121	0.0	0.369627	0.0	0.131012	-1888.890687
True	2e-06	32.191974	0.0	1.177451	0.0	0.330053	0.0	0.126183	-1889.226162
True	4e-06	33.686291	0.0	1.263061	0.0	0.43942	1e-06	0.147195	-1888.829151
True	3e-06	32.598564	1e-06	1.219745	0.0	0.322478	0.0	0.121239	-1888.460525
True	2e-06	33.229254	2e-06	1.229805	0.0	0.420579	0.0	0.149435	-1888.576418
True	2e-06	33.590355	4e-06	1.269128	0.0	0.42185	1e-06	0.148873	-1888.714214
True	1e-06	33.793556	1e-05	1.257212	0.0	0.468117	1e-06	0.1635	-1888.016832
True	0.0	32.993193	5e-06	1.2573	1e-06	0.328382	0.0	0.123692	-1888.135529
True	3e-06	33.751035	9e-06	1.309951	1e-06	0.390276	1e-06	0.146352	-1888.255537
True	2e-06	33.397863	3e-06	1.277728	0.0	0.364603	0.0	0.133406	-1887.796772
True	0.0	33.418049	4e-06	1.263677	0.0	0.404783	0.0	0.147217	-1888.233593
True	2e-06	33.695871	3e-06	1.258916	0.0	0.432581	1e-06	0.145759	-1888.710554
True	2e-06	33.581086	2e-06	1.245396	0.0	0.434429	0.0	0.142302	-1888.620593
True	1e-06	33.703895	2e-06	1.258243	0.0	0.444299	0.0	0.149639	-1888.748009
True	2e-06	34.037707	1e-05	1.270597	0.0	0.47041	1e-06	0.158154	-1888.48091
True	1e-06	32.973107	5e-06	1.213138	0.0	0.407205	0.0	0.146772	-1886.628627
True	1e-06	33.808897	5e-06	1.270077	0.0	0.424657	0.0	0.13906	-1888.33615
True	2e-06	33.857905	6e-06	1.276822	0.0	0.435416	1e-06	0.152998	-1888.833457
True	1e-06	34.169792	8e-06	1.290505	0.0	0.464625	1e-06	0.158303	-1888.674431
True	0.0	33.754808	4e-06	1.250939	0.0	0.463413	0.0	0.158118	-1887.468407
True	4e-06	33.577424	0.0	1.234931	0.0	0.458532	1e-06	0.152686	-1887.789456
True	1e-06	33.88533	2e-06	1.258581	0.0	0.474628	0.0	0.161833	-1888.405445
True	0.0	33.712987	1e-06	1.244647	0.0	0.469245	0.0	0.155079	-1889.586475
True	6e-06	33.784878	4e-06	1.237498	0.0	0.496967	1e-06	0.165928	-1888.104359
True	2e-06	33.594376	4e-06	1.252685	0.0	0.433716	1e-06	0.148806	-1888.54901
True	2e-06	33.39581	1e-06	1.257212	0.0	0.397093	0.0	0.139108	-1888.185895
True	1e-06	33.927556	5e-06	1.279781	0.0	0.441742	0.0	0.14432	-1889.130599
True	2e-06	33.319966	3e-06	1.235258	0.0	0.414073	0.0	0.13833	-1888.628119
True	4e-06	34.025214	6e-06	1.286036	0.0	0.445703	1e-06	0.143733	-1888.384519
True	4e-06	33.148118	0.0	1.237685	0.0	0.378675	1e-06	0.12741	-1888.369208
True	2e-06	33.604321	5e-06	1.265357	0.0	0.422771	0.0	0.146968	-1888.712605
True	1e-06	33.775675	3e-06	1.258604	0.0	0.451291	0.0	0.153717	-1888.101847
True	4e-06	33.612746	1e-06	1.257695	0.0	0.428444	1e-06	0.139913	-1888.09626
True	2e-06	33.918267	1e-06	1.265643	0.0	0.467788	0.0	0.159134	-1888.306678
True	4e-06	33.009291	0.0	1.216669	0.0	0.389539	1e-06	0.13446	-1888.334969
True	2e-06	33.469562	1e-06	1.237668	0.0	0.438849	0.0	0.147811	-1888.522867
True	2e-06	32.964911	1e-06	1.22379	0.0	0.383822	0.0	0.132824	-1888.267738
True	3e-06	33.526593	1e-06	1.235589	0.0	0.450801	1e-06	0.155808	-1888.322176
True	3e-06	33.26859	0.0	1.221739	0.0	0.437874	1e-06	0.149914	-1888.827776
True	2e-06	33.709914	3e-06	1.228186	0.0	0.493666	0.0	0.161532	-1888.075376
True	2e-06	32.655338	2e-06	1.194023	0.0	0.382774	0.0	0.136537	-1888.721731
True	2e-06	33.303863	0.0	1.229395	0.0	0.429058	0.0	0.148523	-1888.724537
True	1e-06	33.107696	1e-06	1.219857	0.0	0.414036	0.0	0.143698	-1887.115433
True	3e-06	33.334947	1e-06	1.235355	0.0	0.428623	1e-06	0.149896	-1888.635354
True	1e-06	33.199961	0.0	1.223084	0.0	0.402803	0.0	0.139845	-1888.337507
True	0.0	33.799601	1e-06	1.254179	0.0	0.473317	0.0	0.159749	-1888.274572
True	1e-06	32.582175	1e-06	1.199686	0.0	0.349004	0.0	0.128768	-1888.15722
True	4e-06	33.246131	2e-06	1.249396	0.0	0.388239	1e-06	0.140596	-1888.014975
True	2e-06	33.701883	2e-06	1.261494	0.0	0.446456	0.0	0.159333	-1888.720806
True	1e-06	33.893082	4e-06	1.29465	0.0	0.418408	0.0	0.148632	-1888.818248
True	0.0	33.590907	3e-06	1.257179	0.0	0.430776	0.0	0.15453	-1888.246325
True	2e-06	32.575473	1e-06	1.220843	0.0	0.320025	0.0	0.123354	-1888.338913
True	1e-06	33.935165	2e-06	1.278325	0.0	0.454095	0.0	0.160258	-1889.606404
